#NUM_THREADS
2.000000	0.000000	0.000000	0.031172	
3.000000	0.000000	0.437500	0.046758	
4.000000	0.000000	1.062500	0.062344	
5.000000	0.000000	1.375000	0.077930	
6.000000	0.000000	1.437500	0.093516	
7.000000	0.000000	1.937500	0.109102	
8.000000	0.000000	1.875000	0.124688	
9.000000	0.000000	2.750000	0.140274	
10.000000	0.000000	3.250000	0.155860	
11.000000	0.000000	4.562500	0.171446	
12.000000	0.000000	4.000000	0.187032	
13.000000	0.000000	6.062500	0.202618	
14.000000	0.000000	6.625000	0.218204	
15.000000	0.000000	8.187500	0.233791	
16.000000	0.000000	7.750000	0.249377	
17.000000	0.000000	9.375000	0.264963	
18.000000	0.000000	8.937500	0.280549	
19.000000	0.000000	8.500000	0.296135	
20.000000	0.000000	11.625000	0.311721	
21.000000	0.000000	10.937500	0.327307	
22.000000	0.000000	10.812500	0.342893	
23.000000	0.000000	14.062500	0.358479	
24.000000	0.000000	14.125000	0.374065	
25.000000	0.000000	14.687500	0.389651	
26.000000	0.000000	16.375000	0.405237	
27.000000	0.000000	19.437500	0.420823	
28.000000	0.000000	17.062500	0.436409	
29.000000	0.000000	18.062500	0.451995	
30.000000	0.000000	21.187500	0.467581	
31.000000	0.000000	18.375000	0.483167	
32.000000	0.000000	23.187500	0.498753	
33.000000	0.000000	21.375000	0.514339	
34.000000	0.000000	24.875000	0.529925	
35.000000	0.000000	23.125000	0.545511	
36.000000	0.000000	23.312500	0.561097	
37.000000	0.000000	23.437500	0.576683	
38.000000	0.000000	25.812500	0.592269	
39.000000	0.000000	24.937500	0.607855	
40.000000	0.000000	27.687500	0.623441	
41.000000	0.000000	27.250000	0.639027	
42.000000	0.000000	30.250000	0.654613	
43.000000	0.000000	30.062500	0.670200	
44.000000	0.000000	32.937500	0.685786	
45.000000	0.000000	34.187500	0.701372	
46.000000	0.000000	34.000000	0.716958	
47.000000	0.000000	35.750000	0.732544	
48.000000	0.000000	35.000000	0.748130	
49.000000	0.000000	37.500000	0.763716	
50.000000	0.000000	36.937500	0.779302	
51.000000	0.000000	38.000000	0.794888	
52.000000	0.000000	38.562500	0.810474	
53.000000	0.000000	40.437500	0.826060	
54.000000	0.000000	42.500000	0.841646	
55.000000	0.000000	39.062500	0.857232	
56.000000	0.000000	42.062500	0.872818	
57.000000	0.000000	43.250000	0.888404	
58.000000	0.000000	44.125000	0.903990	
59.000000	0.000000	41.187500	0.919576	
60.000000	0.000000	45.000000	0.935162	
61.000000	0.000000	46.437500	0.950748	
62.000000	0.000000	46.062500	0.966334	
63.000000	0.000000	48.125000	0.981920	
64.000000	0.000000	46.062500	0.997506	
