#NUM_THREADS
2.000000	0.000000	0.250000	0.067568	
3.000000	0.000000	0.187500	0.101351	
4.000000	0.000000	0.812500	0.135135	
5.000000	0.000000	1.125000	0.168919	
6.000000	0.000000	1.500000	0.202703	
7.000000	0.000000	1.875000	0.236486	
8.000000	0.000000	2.000000	0.270270	
9.000000	0.000000	2.937500	0.304054	
10.000000	0.000000	3.750000	0.337838	
11.000000	0.000000	4.625000	0.371622	
12.000000	0.000000	4.812500	0.405405	
13.000000	0.000000	5.812500	0.439189	
14.000000	0.000000	7.187500	0.472973	
15.000000	0.000000	7.937500	0.506757	
16.000000	0.000000	6.687500	0.540541	
17.000000	0.000000	9.312500	0.574324	
18.000000	0.000000	10.125000	0.608108	
19.000000	0.000000	9.125000	0.641892	
20.000000	0.000000	11.687500	0.675676	
21.000000	0.000000	12.937500	0.709459	
22.000000	0.000000	14.437500	0.743243	
23.000000	0.000000	15.937500	0.777027	
24.000000	0.000000	15.312500	0.810811	
25.000000	0.000000	16.562500	0.844595	
26.000000	0.000000	17.375000	0.878378	
27.000000	0.000000	16.812500	0.912162	
28.000000	0.000000	20.375000	0.945946	
29.000000	0.000000	19.875000	0.979730	
30.000000	0.000000	20.937500	1.013514	
31.000000	0.000000	22.000000	1.047297	
32.000000	0.000000	20.812500	1.081081	
33.000000	7.562500	23.125000	1.114865	
34.000000	82.125000	21.812500	1.148649	
35.000000	446.625000	25.875000	1.182432	
36.000000	1637.187500	28.312500	1.216216	
37.000000	1634.437500	29.562500	1.250000	
38.000000	3764.750000	39.875000	1.283784	
39.000000	4433.625000	37.812500	1.317568	
40.000000	8198.250000	56.625000	1.351351	
41.000000	8983.750000	57.187500	1.385135	
42.000000	12176.125000	73.562500	1.418919	
43.000000	11389.250000	66.812500	1.452703	
44.000000	16187.000000	87.312500	1.486486	
45.000000	18384.312500	100.687500	1.520270	
46.000000	25650.312500	122.312500	1.554054	
47.000000	31111.250000	149.250000	1.587838	
48.000000	28499.937500	143.187500	1.621622	
49.000000	28181.937500	139.000000	1.655405	
50.000000	36534.687500	173.812500	1.689189	
51.000000	47338.187500	212.312500	1.722973	
52.000000	53056.312500	239.937500	1.756757	
53.000000	38048.187500	189.062500	1.790541	
54.000000	42624.625000	204.250000	1.824324	
55.000000	70513.187500	308.312500	1.858108	
56.000000	70475.750000	317.062500	1.891892	
57.000000	70216.437500	309.875000	1.925676	
58.000000	78145.812500	340.812500	1.959459	
59.000000	90988.625000	409.375000	1.993243	
60.000000	94296.750000	409.000000	2.027027	
61.000000	95873.562500	422.000000	2.060811	
62.000000	97152.125000	424.875000	2.094594	
63.000000	107997.562500	468.937500	2.128378	
64.000000	134145.812500	580.687500	2.162162	
