#NUM_THREADS
2.000000	0.000000	0.000000	0.039936	
3.000000	0.000000	0.812500	0.059904	
4.000000	0.000000	0.750000	0.079872	
5.000000	0.000000	1.062500	0.099840	
6.000000	0.000000	1.250000	0.119808	
7.000000	0.000000	1.937500	0.139776	
8.000000	0.000000	2.187500	0.159744	
9.000000	0.000000	2.562500	0.179712	
10.000000	0.000000	4.000000	0.199681	
11.000000	0.000000	4.375000	0.219649	
12.000000	0.000000	4.937500	0.239617	
13.000000	0.000000	5.500000	0.259585	
14.000000	0.000000	6.437500	0.279553	
15.000000	0.000000	7.000000	0.299521	
16.000000	0.000000	8.562500	0.319489	
17.000000	0.000000	8.937500	0.339457	
18.000000	0.000000	9.312500	0.359425	
19.000000	0.000000	11.187500	0.379393	
20.000000	0.000000	10.375000	0.399361	
21.000000	0.000000	11.187500	0.419329	
22.000000	0.000000	12.812500	0.439297	
23.000000	0.000000	14.187500	0.459265	
24.000000	0.000000	12.812500	0.479233	
25.000000	0.000000	14.250000	0.499201	
26.000000	0.000000	15.062500	0.519169	
27.000000	0.000000	17.875000	0.539137	
28.000000	0.000000	19.312500	0.559105	
29.000000	0.000000	19.625000	0.579073	
30.000000	0.000000	20.937500	0.599042	
31.000000	0.000000	21.000000	0.619010	
32.000000	0.000000	22.375000	0.638978	
33.000000	0.000000	21.000000	0.658946	
34.000000	0.000000	23.500000	0.678914	
35.000000	0.000000	24.250000	0.698882	
36.000000	0.000000	24.125000	0.718850	
37.000000	0.000000	24.812500	0.738818	
38.000000	0.000000	26.000000	0.758786	
39.000000	0.000000	27.187500	0.778754	
40.000000	0.000000	26.250000	0.798722	
41.000000	0.000000	30.500000	0.818690	
42.000000	0.000000	31.562500	0.838658	
43.000000	0.000000	33.875000	0.858626	
44.000000	0.000000	34.500000	0.878594	
45.000000	0.000000	34.937500	0.898562	
46.000000	0.000000	32.750000	0.918530	
47.000000	0.000000	35.375000	0.938498	
48.000000	0.000000	35.312500	0.958466	
49.000000	0.000000	37.625000	0.978435	
50.000000	0.000000	38.375000	0.998403	
51.000000	0.000000	37.937500	1.018371	
52.000000	0.000000	37.937500	1.038339	
53.000000	0.000000	41.375000	1.058307	
54.000000	13.687500	41.312500	1.078275	
55.000000	19.312500	39.125000	1.098243	
56.000000	218.812500	42.437500	1.118211	
57.000000	815.562500	47.062500	1.138179	
58.000000	880.750000	44.750000	1.158147	
59.000000	2447.062500	50.625000	1.178115	
60.000000	3583.125000	51.875000	1.198083	
61.000000	4864.187500	60.062500	1.218051	
62.000000	7295.312500	69.312500	1.238019	
63.000000	12063.437500	87.687500	1.257987	
64.000000	11367.187500	88.187500	1.277955	
