#NUM_THREADS
2.000000	0.000000	0.000000	0.028868	
3.000000	0.000000	0.312500	0.043303	
4.000000	0.000000	0.937500	0.057737	
5.000000	0.000000	1.187500	0.072171	
6.000000	0.000000	1.687500	0.086605	
7.000000	0.000000	2.250000	0.101039	
8.000000	0.000000	1.812500	0.115473	
9.000000	0.000000	2.687500	0.129908	
10.000000	0.000000	3.687500	0.144342	
11.000000	0.000000	3.375000	0.158776	
12.000000	0.000000	4.375000	0.173210	
13.000000	0.000000	5.812500	0.187644	
14.000000	0.000000	6.625000	0.202079	
15.000000	0.000000	6.937500	0.216513	
16.000000	0.000000	7.812500	0.230947	
17.000000	0.000000	9.000000	0.245381	
18.000000	0.000000	8.062500	0.259815	
19.000000	0.000000	9.937500	0.274249	
20.000000	0.000000	10.750000	0.288684	
21.000000	0.000000	11.437500	0.303118	
22.000000	0.000000	12.312500	0.317552	
23.000000	0.000000	13.375000	0.331986	
24.000000	0.000000	13.500000	0.346420	
25.000000	0.000000	15.312500	0.360855	
26.000000	0.000000	15.687500	0.375289	
27.000000	0.000000	19.125000	0.389723	
28.000000	0.000000	19.687500	0.404157	
29.000000	0.000000	18.062500	0.418591	
30.000000	0.000000	20.062500	0.433025	
31.000000	0.000000	21.500000	0.447460	
32.000000	0.000000	20.125000	0.461894	
33.000000	0.000000	22.875000	0.476328	
34.000000	0.000000	23.250000	0.490762	
35.000000	0.000000	23.937500	0.505196	
36.000000	0.000000	25.437500	0.519630	
37.000000	0.000000	25.937500	0.534065	
38.000000	0.000000	27.375000	0.548499	
39.000000	0.000000	25.750000	0.562933	
40.000000	0.000000	31.375000	0.577367	
41.000000	0.000000	28.125000	0.591801	
42.000000	0.000000	29.437500	0.606236	
43.000000	0.000000	31.437500	0.620670	
44.000000	0.000000	34.437500	0.635104	
45.000000	0.000000	36.312500	0.649538	
46.000000	0.000000	29.812500	0.663972	
47.000000	0.000000	32.937500	0.678406	
48.000000	0.000000	33.812500	0.692841	
49.000000	0.000000	38.062500	0.707275	
50.000000	0.000000	37.000000	0.721709	
51.000000	0.000000	38.312500	0.736143	
52.000000	0.000000	36.812500	0.750577	
53.000000	0.000000	39.187500	0.765012	
54.000000	0.000000	39.625000	0.779446	
55.000000	0.000000	39.937500	0.793880	
56.000000	0.000000	39.875000	0.808314	
57.000000	0.000000	45.062500	0.822748	
58.000000	0.000000	44.812500	0.837182	
59.000000	0.000000	37.875000	0.851617	
60.000000	0.000000	45.250000	0.866051	
61.000000	0.000000	42.875000	0.880485	
62.000000	0.000000	47.250000	0.894919	
63.000000	0.000000	47.312500	0.909353	
64.000000	0.000000	50.500000	0.923788	
