#NUM_THREADS
2.000000	0.000000	0.000000	0.028345	
3.000000	0.000000	0.187500	0.042517	
4.000000	0.000000	1.000000	0.056689	
5.000000	0.000000	1.187500	0.070862	
6.000000	0.000000	1.125000	0.085034	
7.000000	0.000000	1.187500	0.099206	
8.000000	0.000000	1.500000	0.113379	
9.000000	0.000000	2.750000	0.127551	
10.000000	0.000000	2.812500	0.141723	
11.000000	0.000000	4.375000	0.155896	
12.000000	0.000000	4.187500	0.170068	
13.000000	0.000000	5.625000	0.184240	
14.000000	0.000000	6.687500	0.198413	
15.000000	0.000000	6.625000	0.212585	
16.000000	0.000000	8.375000	0.226757	
17.000000	0.000000	8.562500	0.240930	
18.000000	0.000000	8.937500	0.255102	
19.000000	0.000000	11.375000	0.269274	
20.000000	0.000000	9.375000	0.283447	
21.000000	0.000000	10.000000	0.297619	
22.000000	0.000000	13.375000	0.311791	
23.000000	0.000000	16.250000	0.325964	
24.000000	0.000000	16.125000	0.340136	
25.000000	0.000000	13.437500	0.354308	
26.000000	0.000000	17.000000	0.368481	
27.000000	0.000000	14.750000	0.382653	
28.000000	0.000000	17.437500	0.396825	
29.000000	0.000000	18.062500	0.410998	
30.000000	0.000000	21.500000	0.425170	
31.000000	0.000000	21.937500	0.439342	
32.000000	0.000000	23.250000	0.453515	
33.000000	0.000000	22.875000	0.467687	
34.000000	0.000000	24.562500	0.481859	
35.000000	0.000000	23.812500	0.496032	
36.000000	0.000000	21.937500	0.510204	
37.000000	0.000000	22.937500	0.524376	
38.000000	0.000000	26.687500	0.538549	
39.000000	0.000000	29.562500	0.552721	
40.000000	0.000000	29.187500	0.566893	
41.000000	0.000000	31.500000	0.581066	
42.000000	0.000000	31.562500	0.595238	
43.000000	0.000000	32.687500	0.609410	
44.000000	0.000000	34.187500	0.623583	
45.000000	0.000000	30.937500	0.637755	
46.000000	0.000000	33.750000	0.651927	
47.000000	0.000000	34.625000	0.666100	
48.000000	0.000000	35.750000	0.680272	
49.000000	0.000000	34.625000	0.694444	
50.000000	0.000000	34.187500	0.708617	
51.000000	0.000000	34.875000	0.722789	
52.000000	0.000000	40.062500	0.736961	
53.000000	0.000000	40.000000	0.751134	
54.000000	0.000000	38.250000	0.765306	
55.000000	0.000000	37.250000	0.779478	
56.000000	0.000000	40.687500	0.793651	
57.000000	0.000000	42.625000	0.807823	
58.000000	0.000000	45.000000	0.821995	
59.000000	0.000000	44.375000	0.836168	
60.000000	0.000000	47.687500	0.850340	
61.000000	0.000000	46.500000	0.864512	
62.000000	0.000000	48.875000	0.878685	
63.000000	0.000000	43.875000	0.892857	
64.000000	0.000000	48.062500	0.907029	
