#NUM_THREADS
2.000000	0.000000	0.000000	1.388889	
3.000000	2.625000	0.000000	2.083333	
4.000000	32.375000	0.812500	2.777778	
5.000000	148.437500	0.687500	3.472222	
6.000000	532.875000	1.812500	4.166667	
7.000000	1215.750000	4.875000	4.861111	
8.000000	2364.750000	6.687500	5.555555	
9.000000	3057.750000	8.500000	6.250000	
10.000000	4205.812500	12.312500	6.944445	
11.000000	6120.125000	20.312500	7.638889	
12.000000	8513.312500	28.187500	8.333333	
13.000000	9318.437500	30.625000	9.027778	
14.000000	12284.875000	41.375000	9.722222	
15.000000	15148.000000	47.312500	10.416667	
16.000000	18050.000000	56.187500	11.111111	
17.000000	23671.625000	79.312500	11.805555	
18.000000	26202.250000	93.250000	12.500000	
19.000000	32860.062500	112.687500	13.194445	
20.000000	36062.625000	135.937500	13.888889	
21.000000	39611.750000	154.187500	14.583333	
22.000000	45052.500000	188.312500	15.277778	
23.000000	53814.000000	219.062500	15.972222	
24.000000	57516.625000	238.562500	16.666666	
25.000000	56599.312500	237.000000	17.361111	
26.000000	70058.500000	295.562500	18.055555	
27.000000	76285.062500	332.812500	18.750000	
28.000000	82659.562500	349.375000	19.444445	
29.000000	90751.750000	390.937500	20.138889	
30.000000	102606.250000	440.625000	20.833334	
31.000000	113940.312500	485.437500	21.527779	
32.000000	108278.062500	459.937500	22.222221	
33.000000	118787.750000	510.062500	22.916666	
34.000000	137740.312500	594.875000	23.611111	
35.000000	135804.312500	587.500000	24.305555	
36.000000	153280.937500	653.875000	25.000000	
37.000000	154274.625000	660.625000	25.694445	
38.000000	182282.312500	773.062500	26.388889	
39.000000	180812.562500	765.500000	27.083334	
40.000000	206345.937500	879.562500	27.777779	
41.000000	206212.937500	864.125000	28.472221	
42.000000	219712.750000	939.437500	29.166666	
43.000000	228201.312500	969.500000	29.861111	
44.000000	230457.375000	978.000000	30.555555	
45.000000	248540.312500	1053.812500	31.250000	
46.000000	270209.000000	1142.750000	31.944445	
47.000000	269655.250000	1155.687500	32.638889	
48.000000	280956.625000	1198.312500	33.333332	
49.000000	329564.875000	1384.500000	34.027779	
50.000000	298730.500000	1265.812500	34.722221	
51.000000	320375.625000	1355.937500	35.416668	
52.000000	332184.875000	1416.750000	36.111111	
53.000000	367296.625000	1539.875000	36.805557	
54.000000	393474.687500	1658.937500	37.500000	
55.000000	392034.437500	1676.312500	38.194443	
56.000000	394397.062500	1678.625000	38.888889	
57.000000	429791.000000	1806.187500	39.583332	
58.000000	422928.312500	1806.437500	40.277779	
59.000000	443549.437500	1877.875000	40.972221	
60.000000	448422.750000	1901.750000	41.666668	
61.000000	505227.250000	2146.375000	42.361111	
62.000000	499279.875000	2122.375000	43.055557	
63.000000	512434.625000	2172.187500	43.750000	
64.000000	525974.937500	2231.625000	44.444443	
