#NUM_THREADS
2.000000	0.000000	0.000000	0.050201	
3.000000	0.000000	0.000000	0.075301	
4.000000	0.000000	0.187500	0.100402	
5.000000	0.000000	1.000000	0.125502	
6.000000	0.000000	1.187500	0.150602	
7.000000	0.000000	1.625000	0.175703	
8.000000	0.000000	2.625000	0.200803	
9.000000	0.000000	2.937500	0.225904	
10.000000	0.000000	3.812500	0.251004	
11.000000	0.000000	3.687500	0.276104	
12.000000	0.000000	4.875000	0.301205	
13.000000	0.000000	4.937500	0.326305	
14.000000	0.000000	6.187500	0.351406	
15.000000	0.000000	7.125000	0.376506	
16.000000	0.000000	6.500000	0.401606	
17.000000	0.000000	9.437500	0.426707	
18.000000	0.000000	8.000000	0.451807	
19.000000	0.000000	9.750000	0.476908	
20.000000	0.000000	11.125000	0.502008	
21.000000	0.000000	13.500000	0.527108	
22.000000	0.000000	13.312500	0.552209	
23.000000	0.000000	14.750000	0.577309	
24.000000	0.000000	14.875000	0.602410	
25.000000	0.000000	17.812500	0.627510	
26.000000	0.000000	16.250000	0.652610	
27.000000	0.000000	15.812500	0.677711	
28.000000	0.000000	20.062500	0.702811	
29.000000	0.000000	21.562500	0.727912	
30.000000	0.000000	19.000000	0.753012	
31.000000	0.000000	21.250000	0.778112	
32.000000	0.000000	20.187500	0.803213	
33.000000	0.000000	22.000000	0.828313	
34.000000	0.000000	24.562500	0.853414	
35.000000	0.000000	24.375000	0.878514	
36.000000	0.000000	24.687500	0.903614	
37.000000	0.000000	26.062500	0.928715	
38.000000	0.000000	27.812500	0.953815	
39.000000	0.000000	27.562500	0.978916	
40.000000	0.000000	29.437500	1.004016	
41.000000	0.000000	26.687500	1.029117	
42.000000	0.000000	29.250000	1.054217	
43.000000	0.000000	29.562500	1.079317	
44.000000	7.187500	30.500000	1.104418	
45.000000	456.312500	34.437500	1.129518	
46.000000	260.000000	35.500000	1.154619	
47.000000	705.312500	35.500000	1.179719	
48.000000	2813.937500	41.500000	1.204819	
49.000000	3782.250000	48.250000	1.229920	
50.000000	4450.937500	49.000000	1.255020	
51.000000	8670.312500	61.000000	1.280120	
52.000000	6822.312500	57.562500	1.305221	
53.000000	9549.937500	68.062500	1.330321	
54.000000	14579.875000	82.937500	1.355422	
55.000000	15555.875000	96.500000	1.380522	
56.000000	21056.500000	125.437500	1.405622	
57.000000	26262.937500	140.187500	1.430723	
58.000000	29676.500000	145.187500	1.455823	
59.000000	35132.750000	174.437500	1.480924	
60.000000	26919.375000	148.562500	1.506024	
61.000000	40710.062500	200.125000	1.531124	
62.000000	37601.437500	182.125000	1.556225	
63.000000	41218.500000	195.875000	1.581325	
64.000000	53286.625000	246.375000	1.606426	
