#NUM_THREADS
2.000000	0.000000	0.062500	0.037994	
3.000000	0.000000	0.687500	0.056991	
4.000000	0.000000	0.937500	0.075988	
5.000000	0.000000	1.250000	0.094985	
6.000000	0.000000	1.937500	0.113982	
7.000000	0.000000	2.187500	0.132979	
8.000000	0.000000	2.625000	0.151976	
9.000000	0.000000	3.062500	0.170973	
10.000000	0.000000	3.437500	0.189970	
11.000000	0.000000	4.187500	0.208967	
12.000000	0.000000	4.562500	0.227964	
13.000000	0.000000	5.250000	0.246960	
14.000000	0.000000	6.562500	0.265957	
15.000000	0.000000	5.125000	0.284954	
16.000000	0.000000	8.937500	0.303951	
17.000000	0.000000	9.437500	0.322948	
18.000000	0.000000	9.125000	0.341945	
19.000000	0.000000	11.000000	0.360942	
20.000000	0.000000	11.125000	0.379939	
21.000000	0.000000	9.812500	0.398936	
22.000000	0.000000	12.187500	0.417933	
23.000000	0.000000	14.312500	0.436930	
24.000000	0.000000	13.625000	0.455927	
25.000000	0.000000	14.375000	0.474924	
26.000000	0.000000	14.875000	0.493921	
27.000000	0.000000	17.125000	0.512918	
28.000000	0.000000	18.125000	0.531915	
29.000000	0.000000	19.875000	0.550912	
30.000000	0.000000	19.750000	0.569909	
31.000000	0.000000	20.437500	0.588906	
32.000000	0.000000	20.437500	0.607903	
33.000000	0.000000	21.250000	0.626900	
34.000000	0.000000	20.812500	0.645897	
35.000000	0.000000	24.250000	0.664894	
36.000000	0.000000	24.375000	0.683891	
37.000000	0.000000	25.937500	0.702888	
38.000000	0.000000	26.875000	0.721884	
39.000000	0.000000	26.187500	0.740881	
40.000000	0.000000	29.562500	0.759878	
41.000000	0.000000	28.187500	0.778875	
42.000000	0.000000	32.312500	0.797872	
43.000000	0.000000	29.062500	0.816869	
44.000000	0.000000	30.687500	0.835866	
45.000000	0.000000	31.125000	0.854863	
46.000000	0.000000	33.312500	0.873860	
47.000000	0.000000	31.687500	0.892857	
48.000000	0.000000	36.062500	0.911854	
49.000000	0.000000	35.187500	0.930851	
50.000000	0.000000	35.437500	0.949848	
51.000000	0.000000	37.500000	0.968845	
52.000000	0.000000	41.812500	0.987842	
53.000000	0.000000	35.687500	1.006839	
54.000000	0.000000	41.750000	1.025836	
55.000000	0.000000	41.062500	1.044833	
56.000000	0.000000	39.187500	1.063830	
57.000000	77.000000	40.312500	1.082827	
58.000000	150.312500	40.750000	1.101824	
59.000000	224.750000	45.500000	1.120821	
60.000000	529.312500	43.375000	1.139818	
61.000000	1551.062500	49.875000	1.158815	
62.000000	3028.187500	57.375000	1.177812	
63.000000	3251.625000	53.375000	1.196808	
64.000000	7369.812500	73.812500	1.215806	
