#NUM_THREADS
2.000000	0.000000	0.000000	0.096899	
3.000000	0.000000	0.125000	0.145349	
4.000000	0.000000	0.125000	0.193798	
5.000000	0.000000	0.750000	0.242248	
6.000000	0.000000	1.062500	0.290698	
7.000000	0.000000	1.625000	0.339147	
8.000000	0.000000	2.750000	0.387597	
9.000000	0.000000	3.375000	0.436047	
10.000000	0.000000	3.500000	0.484496	
11.000000	0.000000	4.437500	0.532946	
12.000000	0.000000	5.625000	0.581395	
13.000000	0.000000	6.250000	0.629845	
14.000000	0.000000	7.562500	0.678295	
15.000000	0.000000	7.437500	0.726744	
16.000000	0.000000	8.687500	0.775194	
17.000000	0.000000	7.062500	0.823643	
18.000000	0.000000	10.312500	0.872093	
19.000000	0.000000	9.000000	0.920543	
20.000000	0.000000	11.125000	0.968992	
21.000000	0.000000	11.875000	1.017442	
22.000000	0.000000	12.375000	1.065892	
23.000000	0.000000	13.812500	1.114341	
24.000000	40.750000	15.562500	1.162791	
25.000000	157.062500	15.625000	1.211240	
26.000000	1055.812500	20.812500	1.259690	
27.000000	1271.812500	19.937500	1.308140	
28.000000	2480.125000	25.812500	1.356589	
29.000000	4867.312500	33.062500	1.405039	
30.000000	5404.500000	35.437500	1.453488	
31.000000	7856.187500	46.625000	1.501938	
32.000000	8544.562500	48.437500	1.550388	
33.000000	11749.125000	63.750000	1.598837	
34.000000	10849.500000	55.625000	1.647287	
35.000000	19437.625000	89.750000	1.695736	
36.000000	23830.500000	111.312500	1.744186	
37.000000	21680.562500	100.187500	1.792636	
38.000000	22970.312500	109.187500	1.841085	
39.000000	19023.812500	85.062500	1.889535	
40.000000	29033.875000	135.250000	1.937984	
41.000000	35770.062500	167.750000	1.986434	
42.000000	41155.750000	182.687500	2.034884	
43.000000	46697.000000	204.000000	2.083333	
44.000000	53998.562500	236.625000	2.131783	
45.000000	54111.750000	238.000000	2.180233	
46.000000	59670.687500	262.312500	2.228682	
47.000000	73303.750000	307.375000	2.277132	
48.000000	87515.312500	371.187500	2.325581	
49.000000	71797.500000	303.250000	2.374031	
50.000000	84415.687500	375.375000	2.422481	
51.000000	96403.312500	411.687500	2.470930	
52.000000	95618.250000	411.125000	2.519380	
53.000000	117565.875000	509.625000	2.567829	
54.000000	120549.812500	524.437500	2.616279	
55.000000	106670.500000	467.312500	2.664729	
56.000000	128702.375000	549.875000	2.713178	
57.000000	137656.812500	584.187500	2.761628	
58.000000	160051.062500	695.187500	2.810077	
59.000000	173369.375000	746.000000	2.858527	
60.000000	191520.937500	819.875000	2.906977	
61.000000	175866.125000	759.125000	2.955426	
62.000000	169472.125000	719.687500	3.003876	
63.000000	233462.125000	995.312500	3.052325	
64.000000	186068.812500	803.187500	3.100775	
