#NUM_THREADS
1.77778
0
0
0.5291
2.35294
0
0
0.70028
2.88
0
0
0.857143
3.39394
1.18182
0.0606061
1.0101
3.90244
2.34146
0.219512
1.16144
4.40816
60.102
0.510204
1.31195
4.91228
177.772
0.964912
1.46199
5.41538
355.723
1.66154
1.61172
5.91781
552.959
2.43836
1.76125
6.41975
830.16
3.23457
1.91064
6.92135
1238.03
4.32584
2.05992
7.42268
1602.71
5.73196
2.20913
7.92381
2262.7
8.0381
2.35828
8.42478
2923.97
10.4513
2.50737
8.92562
3711.81
13.0661
2.65643
9.42636
4470.88
15.845
2.80546
9.92701
5028.28
17.8248
2.95447
10.4276
5756.57
20.1517
3.10345
10.9281
6528.87
23.3856
3.25241
11.4286
7338.58
26.3727
3.40136
11.929
8684.28
31.7751
3.5503
12.4294
10137.8
37.6384
3.69922
12.9297
11701.1
43.9351
3.84813
13.4301
13511.2
50.9275
3.99704
13.9303
14963
57
4.14594
14.4306
16461.8
63.0383
4.29483
14.9309
17753.8
68.4378
4.44371
15.4311
19570.9
75.8978
4.59259
15.9313
21395.7
83.9528
4.74147
16.4315
23560.9
93.1992
4.89034
16.9317
26265.2
105.398
5.0392
17.4319
28365.8
114.86
5.18807
17.9321
30725.2
125.385
5.33693
18.4322
32783.6
134.407
5.48578
18.9324
35139.4
144.534
5.63464
19.4325
36858.4
151.581
5.78349
19.9327
39694.6
164.168
5.93234
20.4328
42648.6
176.652
6.08119
20.9329
45563.3
188.891
6.23003
21.433
49242.8
204.682
6.37888
21.9331
51856.2
215.733
6.52772
22.4332
55327.4
230.899
6.67656
22.9333
59050.4
246.916
6.8254
23.4334
62657.9
262.241
6.97423
23.9335
65944.1
276.507
7.12307
24.4336
69817.3
293.092
7.27191
24.9337
74231
311.759
7.42074
25.4338
77657.3
326.447
7.56957
25.9338
82196.9
345.573
7.71841
26.4339
86018.3
361.825
7.86724
26.934
89599.9
376.995
8.01607
27.4341
93260.3
392.549
8.1649
27.9341
97958.4
412.614
8.31373
28.4342
102319
431.231
8.46255
28.9342
107172
451.649
8.61138
29.4343
112070
472.227
8.76021
29.9344
117150
494.265
8.90903
30.4344
122203
515.501
9.05786
30.9345
127373
537.252
9.20668
31.4345
132706
559.823
9.35551
31.9346
138228
583.663
9.50433
32.4346
143305
605.431
9.65316
32.9347
148141
626.459
9.80198
