#NUM_THREADS
2.000000	70.750000	0.000000	12.500000	
3.000000	361.687500	1.000000	18.750000	
4.000000	941.625000	1.250000	25.000000	
5.000000	1439.437500	2.812500	31.250000	
6.000000	4265.812500	5.750000	37.500000	
7.000000	3531.937500	9.000000	43.750000	
8.000000	5213.625000	14.500000	50.000000	
9.000000	8738.125000	19.000000	56.250000	
10.000000	10309.750000	25.625000	62.500000	
11.000000	13527.875000	33.500000	68.750000	
12.000000	16469.437500	44.937500	75.000000	
13.000000	18538.312500	56.187500	81.250000	
14.000000	20865.500000	67.375000	87.500000	
15.000000	26558.000000	83.250000	93.750000	
16.000000	31676.625000	107.000000	100.000000	
17.000000	33938.062500	118.812500	106.250000	
18.000000	42121.687500	147.812500	112.500000	
19.000000	48789.250000	178.437500	118.750000	
20.000000	53473.812500	202.187500	125.000000	
21.000000	63730.937500	242.312500	131.250000	
22.000000	65822.375000	252.375000	137.500000	
23.000000	70380.187500	288.500000	143.750000	
24.000000	77759.500000	309.437500	150.000000	
25.000000	93793.687500	380.375000	156.250000	
26.000000	106417.312500	464.312500	162.500000	
27.000000	111501.062500	468.250000	168.750000	
28.000000	117883.437500	512.625000	175.000000	
29.000000	121992.687500	516.250000	181.250000	
30.000000	142709.312500	608.875000	187.500000	
31.000000	147560.750000	635.750000	193.750000	
32.000000	152343.687500	660.500000	200.000000	
33.000000	171532.937500	739.125000	206.250000	
34.000000	189071.562500	812.125000	212.500000	
35.000000	192548.812500	835.312500	218.750000	
36.000000	207524.250000	884.562500	225.000000	
37.000000	229766.437500	984.687500	231.250000	
38.000000	231770.250000	985.437500	237.500000	
39.000000	237479.625000	1001.875000	243.750000	
40.000000	262258.062500	1112.187500	250.000000	
41.000000	269932.812500	1137.125000	256.250000	
42.000000	284010.437500	1201.000000	262.500000	
43.000000	313109.625000	1315.562500	268.750000	
44.000000	309582.062500	1296.750000	275.000000	
45.000000	317878.062500	1334.125000	281.250000	
46.000000	345722.687500	1462.937500	287.500000	
47.000000	362371.750000	1528.250000	293.750000	
48.000000	382008.812500	1630.000000	300.000000	
49.000000	414337.250000	1734.187500	306.250000	
50.000000	421420.562500	1781.062500	312.500000	
51.000000	430673.812500	1822.375000	318.750000	
52.000000	455028.750000	1915.937500	325.000000	
53.000000	472627.437500	1987.187500	331.250000	
54.000000	479926.875000	2031.875000	337.500000	
55.000000	513297.375000	2162.750000	343.750000	
56.000000	528561.625000	2257.062500	350.000000	
57.000000	513671.062500	2182.750000	356.250000	
58.000000	548252.437500	2324.687500	362.500000	
59.000000	600179.500000	2534.187500	368.750000	
60.000000	598737.187500	2573.187500	375.000000	
61.000000	608730.625000	2595.687500	381.250000	
62.000000	646738.125000	2730.375000	387.500000	
63.000000	628596.125000	2659.750000	393.750000	
64.000000	650058.187500	2761.812500	400.000000	
