#NUM_THREADS
2.000000	0.000000	0.000000	0.255102	
3.000000	0.000000	0.000000	0.382653	
4.000000	0.000000	0.062500	0.510204	
5.000000	0.000000	0.187500	0.637755	
6.000000	0.000000	0.750000	0.765306	
7.000000	0.000000	1.437500	0.892857	
8.000000	0.000000	2.125000	1.020408	
9.000000	0.000000	2.937500	1.147959	
10.000000	0.000000	3.875000	1.275510	
11.000000	150.062500	3.875000	1.403061	
12.000000	553.750000	6.625000	1.530612	
13.000000	948.562500	6.375000	1.658163	
14.000000	2488.125000	13.000000	1.785714	
15.000000	2855.312500	13.125000	1.913265	
16.000000	4077.875000	19.125000	2.040816	
17.000000	5818.000000	24.062500	2.168367	
18.000000	8055.125000	30.750000	2.295918	
19.000000	7539.250000	31.750000	2.423469	
20.000000	10229.562500	42.875000	2.551020	
21.000000	10916.312500	45.937500	2.678571	
22.000000	14500.375000	58.000000	2.806123	
23.000000	22014.437500	84.375000	2.933673	
24.000000	22607.250000	80.250000	3.061224	
25.000000	24335.250000	95.000000	3.188776	
26.000000	24487.687500	105.500000	3.316327	
27.000000	38469.562500	148.437500	3.443877	
28.000000	33722.625000	125.812500	3.571429	
29.000000	46247.312500	180.375000	3.698980	
30.000000	43135.250000	181.000000	3.826531	
31.000000	58595.062500	244.000000	3.954082	
32.000000	45183.625000	184.750000	4.081633	
33.000000	64362.375000	256.000000	4.209184	
34.000000	58970.500000	255.937500	4.336735	
35.000000	69860.687500	299.062500	4.464286	
36.000000	83499.812500	354.375000	4.591837	
37.000000	88319.500000	382.312500	4.719388	
38.000000	89751.375000	385.812500	4.846939	
39.000000	111860.500000	477.062500	4.974490	
40.000000	121554.687500	519.000000	5.102041	
41.000000	123680.125000	530.000000	5.229592	
42.000000	120870.875000	526.125000	5.357143	
43.000000	124935.875000	534.000000	5.484694	
44.000000	141050.250000	600.062500	5.612245	
45.000000	161889.625000	690.937500	5.739796	
46.000000	166750.875000	721.625000	5.867347	
47.000000	189389.187500	796.500000	5.994898	
48.000000	169273.687500	717.562500	6.122449	
49.000000	190346.062500	810.000000	6.250000	
50.000000	211235.125000	898.062500	6.377551	
51.000000	216245.875000	922.062500	6.505102	
52.000000	242632.625000	1046.812500	6.632653	
53.000000	250384.750000	1064.312500	6.760204	
54.000000	270865.625000	1149.375000	6.887755	
55.000000	272642.062500	1161.187500	7.015306	
56.000000	322780.125000	1375.312500	7.142857	
57.000000	291443.750000	1239.312500	7.270408	
58.000000	299317.250000	1287.125000	7.397959	
59.000000	338949.750000	1451.875000	7.525510	
60.000000	344373.937500	1459.187500	7.653061	
61.000000	314255.937500	1331.375000	7.780612	
62.000000	365189.625000	1538.562500	7.908163	
63.000000	356940.687500	1513.125000	8.035714	
64.000000	389322.375000	1659.000000	8.163265	
