#NUM_THREADS
2.000000	0.000000	0.000000	0.033156	
3.000000	0.000000	0.625000	0.049735	
4.000000	0.000000	1.000000	0.066313	
5.000000	0.000000	1.375000	0.082891	
6.000000	0.000000	1.562500	0.099469	
7.000000	0.000000	1.937500	0.116048	
8.000000	0.000000	2.125000	0.132626	
9.000000	0.000000	2.750000	0.149204	
10.000000	0.000000	3.312500	0.165782	
11.000000	0.000000	4.000000	0.182361	
12.000000	0.000000	4.437500	0.198939	
13.000000	0.000000	5.500000	0.215517	
14.000000	0.000000	6.437500	0.232095	
15.000000	0.000000	7.312500	0.248674	
16.000000	0.000000	7.812500	0.265252	
17.000000	0.000000	8.937500	0.281830	
18.000000	0.000000	8.937500	0.298408	
19.000000	0.000000	10.625000	0.314987	
20.000000	0.000000	12.875000	0.331565	
21.000000	0.000000	11.937500	0.348143	
22.000000	0.000000	13.000000	0.364721	
23.000000	0.000000	13.375000	0.381300	
24.000000	0.000000	15.312500	0.397878	
25.000000	0.000000	15.875000	0.414456	
26.000000	0.000000	16.125000	0.431034	
27.000000	0.000000	15.187500	0.447613	
28.000000	0.000000	17.625000	0.464191	
29.000000	0.000000	18.437500	0.480769	
30.000000	0.000000	18.375000	0.497347	
31.000000	0.000000	20.125000	0.513926	
32.000000	0.000000	18.625000	0.530504	
33.000000	0.000000	19.875000	0.547082	
34.000000	0.000000	21.812500	0.563661	
35.000000	0.000000	23.625000	0.580239	
36.000000	0.000000	23.500000	0.596817	
37.000000	0.000000	24.500000	0.613395	
38.000000	0.000000	27.312500	0.629973	
39.000000	0.000000	25.687500	0.646552	
40.000000	0.000000	29.625000	0.663130	
41.000000	0.000000	28.500000	0.679708	
42.000000	0.000000	29.937500	0.696286	
43.000000	0.000000	29.187500	0.712865	
44.000000	0.000000	31.250000	0.729443	
45.000000	0.000000	34.187500	0.746021	
46.000000	0.000000	32.687500	0.762599	
47.000000	0.000000	33.187500	0.779178	
48.000000	0.000000	34.687500	0.795756	
49.000000	0.000000	34.562500	0.812334	
50.000000	0.000000	40.062500	0.828912	
51.000000	0.000000	35.437500	0.845491	
52.000000	0.000000	38.500000	0.862069	
53.000000	0.000000	41.750000	0.878647	
54.000000	0.000000	37.875000	0.895225	
55.000000	0.000000	37.875000	0.911804	
56.000000	0.000000	42.000000	0.928382	
57.000000	0.000000	41.062500	0.944960	
58.000000	0.000000	45.500000	0.961538	
59.000000	0.000000	49.875000	0.978117	
60.000000	0.000000	44.000000	0.994695	
61.000000	0.000000	46.687500	1.011273	
62.000000	0.000000	47.187500	1.027851	
63.000000	0.000000	46.000000	1.044430	
64.000000	0.000000	46.687500	1.061008	
