#NUM_THREADS
2.000000	0.000000	0.062500	0.154321	
3.000000	0.000000	0.000000	0.231481	
4.000000	0.000000	0.500000	0.308642	
5.000000	0.000000	1.000000	0.385802	
6.000000	0.000000	1.187500	0.462963	
7.000000	0.000000	1.375000	0.540123	
8.000000	0.000000	2.062500	0.617284	
9.000000	0.000000	2.687500	0.694444	
10.000000	0.000000	3.937500	0.771605	
11.000000	0.000000	3.500000	0.848765	
12.000000	0.000000	4.812500	0.925926	
13.000000	0.000000	5.312500	1.003086	
14.000000	0.000000	5.812500	1.080247	
15.000000	0.000000	6.187500	1.157407	
16.000000	40.187500	7.625000	1.234568	
17.000000	338.000000	9.812500	1.311728	
18.000000	573.000000	9.750000	1.388889	
19.000000	880.187500	10.500000	1.466049	
20.000000	3130.312500	21.562500	1.543210	
21.000000	3221.437500	22.062500	1.620370	
22.000000	4687.062500	25.625000	1.697531	
23.000000	5739.125000	29.625000	1.774691	
24.000000	9135.312500	37.625000	1.851852	
25.000000	11542.250000	45.375000	1.929012	
26.000000	11884.187500	49.937500	2.006173	
27.000000	13122.437500	60.687500	2.083333	
28.000000	21002.000000	84.062500	2.160494	
29.000000	15402.500000	65.187500	2.237654	
30.000000	21595.625000	91.875000	2.314815	
31.000000	26031.437500	110.625000	2.391975	
32.000000	31090.250000	125.125000	2.469136	
33.000000	31872.875000	132.375000	2.546296	
34.000000	38642.437500	163.687500	2.623457	
35.000000	39213.562500	161.500000	2.700617	
36.000000	44894.375000	185.125000	2.777778	
37.000000	55733.625000	239.687500	2.854938	
38.000000	63747.000000	260.500000	2.932099	
39.000000	60114.250000	259.437500	3.009259	
40.000000	68133.312500	295.437500	3.086420	
41.000000	85300.437500	355.187500	3.163580	
42.000000	81075.250000	346.375000	3.240741	
43.000000	89725.687500	381.312500	3.317901	
44.000000	113266.625000	478.687500	3.395062	
45.000000	117884.500000	508.500000	3.472222	
46.000000	115958.937500	499.500000	3.549383	
47.000000	134759.437500	577.000000	3.626543	
48.000000	131981.187500	562.187500	3.703704	
49.000000	160767.250000	686.312500	3.780864	
50.000000	156209.000000	678.312500	3.858025	
51.000000	188400.312500	797.312500	3.935185	
52.000000	174919.000000	756.625000	4.012346	
53.000000	200316.500000	851.062500	4.089506	
54.000000	205436.437500	882.937500	4.166667	
55.000000	208277.750000	898.062500	4.243827	
56.000000	255146.000000	1091.062500	4.320988	
57.000000	216073.937500	930.062500	4.398148	
58.000000	228931.375000	980.937500	4.475308	
59.000000	244395.500000	1046.875000	4.552469	
60.000000	253090.187500	1084.187500	4.629630	
61.000000	298466.562500	1264.750000	4.706790	
62.000000	263475.562500	1127.562500	4.783951	
63.000000	304568.937500	1303.562500	4.861111	
64.000000	325182.437500	1397.312500	4.938272	
