#NUM_THREADS
1.77778
0
0
0.246914
2.35294
0
0
0.326798
2.88
0
0.04
0.4
3.39394
0
0.0909091
0.471381
3.90244
0
0.463415
0.542005
4.40816
0
0.693878
0.612245
4.91228
0
0.964912
0.682261
5.41538
0
1.23077
0.752137
5.91781
179.877
1.53425
0.821918
6.41975
215.79
1.92593
0.891632
6.92135
281.326
2.42697
0.961298
7.42268
413.443
3.05155
1.03093
7.92381
656.162
4.0381
1.10053
8.42478
750.991
4.54867
1.17011
8.92562
1102.31
5.8595
1.23967
9.42636
1392.97
6.8062
1.30922
9.92701
1754.68
8.36496
1.37875
10.4276
2100.01
9.63448
1.44828
10.9281
2590.1
10.9935
1.51779
11.4286
3235.57
13.5342
1.5873
11.929
4029.67
16.8402
1.6568
12.4294
5122.03
21.0395
1.7263
12.9297
6036.29
24.4378
1.7958
13.4301
6792.07
27.2746
1.86528
13.9303
7476.8
29.6119
1.93477
14.4306
8445.75
33.3971
2.00425
14.9309
9717.59
38.3594
2.07373
15.4311
10689.5
42.04
2.14321
15.9313
11860.7
46.8369
2.21268
16.4315
13046.2
51.5602
2.28216
16.9317
14192.7
56.1245
2.35163
17.4319
15092.8
60.1167
2.4211
17.9321
16722.1
66.9585
2.49057
18.4322
18427.3
74.3187
2.56003
18.9324
20309.8
82.1601
2.6295
19.4325
22618.4
92.1488
2.69896
19.9327
24861.2
101.859
2.76842
20.4328
27903.3
115.302
2.83789
20.9329
30536.5
126.728
2.90735
21.433
33050
137.555
2.97681
21.9331
35728.1
149.28
3.04627
22.4332
37419.9
156.656
3.11573
22.9333
40197.2
168.554
3.18519
23.4334
43229.3
181.907
3.25464
23.9335
46721
197.053
3.3241
24.4336
49184.3
207.293
3.39356
24.9337
52432.8
221.032
3.46301
25.4338
56074
236.252
3.53247
25.9338
59301.4
249.972
3.60192
26.4339
62571.4
263.791
3.67138
26.934
66390.3
280.064
3.74083
27.4341
70120.4
296.187
3.81029
27.9341
73276.4
309.379
3.87974
28.4342
76723.6
324.224
3.94919
28.9342
80664.7
340.991
4.01864
29.4343
84135.3
355.697
4.0881
29.9344
88479.9
374.166
4.15755
30.4344
92793.9
392.632
4.227
30.9345
97044.8
410.626
4.29645
31.4345
101305
428.881
4.3659
31.9346
105486
446.431
4.43536
32.4346
109998
465.312
4.50481
32.9347
115108
486.554
4.57426
