#NUM_THREADS
2.000000	0.000000	0.000000	0.192308	
3.000000	0.000000	0.000000	0.288462	
4.000000	0.000000	0.312500	0.384615	
5.000000	0.000000	0.937500	0.480769	
6.000000	0.000000	1.125000	0.576923	
7.000000	0.000000	1.562500	0.673077	
8.000000	0.000000	2.437500	0.769231	
9.000000	0.000000	2.437500	0.865385	
10.000000	0.000000	3.125000	0.961538	
11.000000	0.000000	4.062500	1.057692	
12.000000	0.000000	4.625000	1.153846	
13.000000	88.000000	5.937500	1.250000	
14.000000	99.187500	6.812500	1.346154	
15.000000	1036.000000	9.812500	1.442308	
16.000000	1476.875000	12.562500	1.538462	
17.000000	1511.687500	11.000000	1.634615	
18.000000	3364.062500	19.562500	1.730769	
19.000000	3976.562500	19.875000	1.826923	
20.000000	8039.187500	38.375000	1.923077	
21.000000	9675.125000	41.812500	2.019231	
22.000000	10245.875000	40.937500	2.115385	
23.000000	12374.125000	49.750000	2.211539	
24.000000	16414.437500	63.312500	2.307692	
25.000000	17160.437500	73.437500	2.403846	
26.000000	16698.500000	67.000000	2.500000	
27.000000	21568.062500	89.875000	2.596154	
28.000000	22506.812500	89.375000	2.692308	
29.000000	20749.875000	94.562500	2.788461	
30.000000	36700.562500	154.187500	2.884615	
31.000000	45230.375000	180.500000	2.980769	
32.000000	39934.312500	159.875000	3.076923	
33.000000	46665.875000	187.500000	3.173077	
34.000000	55269.125000	233.125000	3.269231	
35.000000	62439.312500	264.187500	3.365385	
36.000000	64978.812500	264.062500	3.461539	
37.000000	68893.687500	291.812500	3.557692	
38.000000	85788.312500	358.250000	3.653846	
39.000000	84787.812500	357.562500	3.750000	
40.000000	90097.687500	385.000000	3.846154	
41.000000	98308.937500	425.500000	3.942308	
42.000000	118663.937500	507.812500	4.038462	
43.000000	117254.875000	492.500000	4.134615	
44.000000	136183.875000	593.687500	4.230769	
45.000000	136165.812500	586.062500	4.326923	
46.000000	139420.187500	602.875000	4.423077	
47.000000	144337.000000	620.750000	4.519231	
48.000000	176049.687500	757.750000	4.615385	
49.000000	171117.750000	737.562500	4.711538	
50.000000	192240.812500	826.312500	4.807693	
51.000000	209046.125000	883.625000	4.903846	
52.000000	222023.062500	945.625000	5.000000	
53.000000	203753.687500	869.937500	5.096154	
54.000000	219321.500000	945.187500	5.192307	
55.000000	224470.562500	953.562500	5.288462	
56.000000	263766.750000	1130.312500	5.384615	
57.000000	292803.875000	1254.375000	5.480769	
58.000000	244077.375000	1033.812500	5.576923	
59.000000	311318.375000	1333.125000	5.673077	
60.000000	293539.625000	1262.250000	5.769231	
61.000000	315702.562500	1346.187500	5.865385	
62.000000	330746.875000	1417.250000	5.961538	
63.000000	356863.562500	1519.500000	6.057693	
64.000000	358397.625000	1520.500000	6.153846	
