#NUM_THREADS
2.000000	0.000000	0.062500	0.025151	
3.000000	0.000000	0.312500	0.037726	
4.000000	0.000000	0.937500	0.050302	
5.000000	0.000000	1.062500	0.062877	
6.000000	0.000000	1.625000	0.075453	
7.000000	0.000000	2.000000	0.088028	
8.000000	0.000000	2.125000	0.100604	
9.000000	0.000000	3.125000	0.113179	
10.000000	0.000000	3.562500	0.125755	
11.000000	0.000000	4.437500	0.138330	
12.000000	0.000000	4.750000	0.150905	
13.000000	0.000000	6.750000	0.163481	
14.000000	0.000000	6.062500	0.176056	
15.000000	0.000000	7.875000	0.188632	
16.000000	0.000000	8.125000	0.201207	
17.000000	0.000000	7.187500	0.213783	
18.000000	0.000000	8.687500	0.226358	
19.000000	0.000000	9.250000	0.238934	
20.000000	0.000000	9.812500	0.251509	
21.000000	0.000000	11.375000	0.264085	
22.000000	0.000000	13.500000	0.276660	
23.000000	0.000000	14.687500	0.289235	
24.000000	0.000000	15.187500	0.301811	
25.000000	0.000000	14.187500	0.314386	
26.000000	0.000000	16.125000	0.326962	
27.000000	0.000000	18.062500	0.339537	
28.000000	0.000000	18.437500	0.352113	
29.000000	0.000000	18.000000	0.364688	
30.000000	0.000000	17.750000	0.377264	
31.000000	0.000000	19.312500	0.389839	
32.000000	0.000000	21.125000	0.402415	
33.000000	0.000000	25.250000	0.414990	
34.000000	0.000000	22.812500	0.427565	
35.000000	0.000000	26.625000	0.440141	
36.000000	0.000000	24.875000	0.452716	
37.000000	0.000000	26.500000	0.465292	
38.000000	0.000000	26.625000	0.477867	
39.000000	0.000000	27.937500	0.490443	
40.000000	0.000000	27.687500	0.503018	
41.000000	0.000000	28.625000	0.515594	
42.000000	0.000000	30.437500	0.528169	
43.000000	0.000000	31.250000	0.540744	
44.000000	0.000000	32.062500	0.553320	
45.000000	0.000000	30.812500	0.565895	
46.000000	0.000000	34.937500	0.578471	
47.000000	0.000000	34.687500	0.591046	
48.000000	0.000000	38.375000	0.603622	
49.000000	0.000000	36.500000	0.616197	
50.000000	0.000000	35.875000	0.628773	
51.000000	0.000000	36.937500	0.641348	
52.000000	0.000000	39.937500	0.653924	
53.000000	0.000000	39.875000	0.666499	
54.000000	0.000000	40.500000	0.679074	
55.000000	0.000000	38.125000	0.691650	
56.000000	0.000000	39.812500	0.704225	
57.000000	0.000000	41.187500	0.716801	
58.000000	0.000000	41.875000	0.729376	
59.000000	0.000000	45.250000	0.741952	
60.000000	0.000000	41.125000	0.754527	
61.000000	0.000000	46.250000	0.767103	
62.000000	0.000000	47.875000	0.779678	
63.000000	0.000000	46.437500	0.792253	
64.000000	0.000000	48.437500	0.804829	
