#NUM_THREADS
2.000000	0.000000	0.000000	0.044484	
3.000000	0.000000	0.062500	0.066726	
4.000000	0.000000	0.187500	0.088968	
5.000000	0.000000	1.187500	0.111210	
6.000000	0.000000	1.312500	0.133452	
7.000000	0.000000	2.000000	0.155694	
8.000000	0.000000	2.250000	0.177936	
9.000000	0.000000	3.000000	0.200178	
10.000000	0.000000	3.250000	0.222420	
11.000000	0.000000	4.187500	0.244662	
12.000000	0.000000	4.312500	0.266904	
13.000000	0.000000	5.125000	0.289146	
14.000000	0.000000	5.812500	0.311388	
15.000000	0.000000	7.125000	0.333630	
16.000000	0.000000	6.937500	0.355872	
17.000000	0.000000	8.375000	0.378114	
18.000000	0.000000	8.000000	0.400356	
19.000000	0.000000	9.500000	0.422598	
20.000000	0.000000	9.125000	0.444840	
21.000000	0.000000	11.875000	0.467082	
22.000000	0.000000	13.375000	0.489324	
23.000000	0.000000	14.812500	0.511566	
24.000000	0.000000	12.500000	0.533808	
25.000000	0.000000	15.687500	0.556050	
26.000000	0.000000	14.875000	0.578292	
27.000000	0.000000	17.375000	0.600534	
28.000000	0.000000	17.062500	0.622776	
29.000000	0.000000	17.250000	0.645018	
30.000000	0.000000	18.750000	0.667260	
31.000000	0.000000	21.750000	0.689502	
32.000000	0.000000	18.687500	0.711744	
33.000000	0.000000	18.062500	0.733986	
34.000000	0.000000	22.562500	0.756228	
35.000000	0.000000	23.375000	0.778470	
36.000000	0.000000	22.125000	0.800712	
37.000000	0.000000	25.625000	0.822954	
38.000000	0.000000	27.500000	0.845196	
39.000000	0.000000	30.250000	0.867438	
40.000000	0.000000	27.125000	0.889680	
41.000000	0.000000	28.625000	0.911922	
42.000000	0.000000	29.187500	0.934164	
43.000000	0.000000	33.187500	0.956406	
44.000000	0.000000	30.750000	0.978648	
45.000000	0.000000	32.125000	1.000890	
46.000000	0.000000	32.500000	1.023132	
47.000000	0.000000	34.437500	1.045374	
48.000000	0.000000	33.312500	1.067616	
49.000000	3.750000	34.562500	1.089858	
50.000000	118.750000	34.875000	1.112100	
51.000000	449.500000	40.000000	1.134342	
52.000000	1013.562500	43.062500	1.156584	
53.000000	1816.125000	44.187500	1.178826	
54.000000	2446.312500	46.187500	1.201068	
55.000000	4673.000000	53.250000	1.223310	
56.000000	2865.375000	50.187500	1.245552	
57.000000	7179.937500	62.312500	1.267794	
58.000000	11512.437500	82.625000	1.290036	
59.000000	12436.625000	83.687500	1.312278	
60.000000	10170.625000	80.312500	1.334520	
61.000000	19466.687500	108.312500	1.356762	
62.000000	16534.062500	106.437500	1.379004	
63.000000	23853.812500	136.437500	1.401246	
64.000000	25690.750000	142.500000	1.423488	
