#NUM_THREADS
2.000000	0.000000	0.000000	0.059809	
3.000000	0.000000	0.000000	0.089713	
4.000000	0.000000	0.062500	0.119617	
5.000000	0.000000	0.375000	0.149522	
6.000000	0.000000	1.375000	0.179426	
7.000000	0.000000	1.937500	0.209330	
8.000000	0.000000	2.250000	0.239234	
9.000000	0.000000	2.875000	0.269139	
10.000000	0.000000	3.937500	0.299043	
11.000000	0.000000	4.562500	0.328947	
12.000000	0.000000	5.187500	0.358852	
13.000000	0.000000	5.812500	0.388756	
14.000000	0.000000	6.750000	0.418660	
15.000000	0.000000	7.437500	0.448565	
16.000000	0.000000	8.250000	0.478469	
17.000000	0.000000	8.500000	0.508373	
18.000000	0.000000	10.375000	0.538278	
19.000000	0.000000	9.250000	0.568182	
20.000000	0.000000	11.750000	0.598086	
21.000000	0.000000	11.937500	0.627990	
22.000000	0.000000	14.375000	0.657895	
23.000000	0.000000	12.875000	0.687799	
24.000000	0.000000	14.750000	0.717703	
25.000000	0.000000	14.500000	0.747608	
26.000000	0.000000	13.937500	0.777512	
27.000000	0.000000	17.437500	0.807416	
28.000000	0.000000	20.187500	0.837321	
29.000000	0.000000	18.875000	0.867225	
30.000000	0.000000	16.875000	0.897129	
31.000000	0.000000	20.000000	0.927033	
32.000000	0.000000	21.687500	0.956938	
33.000000	0.000000	21.750000	0.986842	
34.000000	0.000000	22.375000	1.016746	
35.000000	0.000000	24.125000	1.046651	
36.000000	0.000000	24.562500	1.076555	
37.000000	22.437500	29.187500	1.106459	
38.000000	184.625000	26.812500	1.136364	
39.000000	259.750000	25.500000	1.166268	
40.000000	1882.062500	34.937500	1.196172	
41.000000	2553.375000	38.062500	1.226077	
42.000000	3266.625000	40.250000	1.255981	
43.000000	4816.812500	44.875000	1.285885	
44.000000	5653.562500	44.812500	1.315789	
45.000000	9093.625000	63.437500	1.345694	
46.000000	11580.750000	69.250000	1.375598	
47.000000	11444.125000	70.562500	1.405502	
48.000000	14035.375000	86.375000	1.435407	
49.000000	12979.250000	73.937500	1.465311	
50.000000	18042.687500	97.812500	1.495215	
51.000000	25562.125000	130.937500	1.525120	
52.000000	31757.187500	160.937500	1.555024	
53.000000	29743.500000	145.312500	1.584928	
54.000000	36499.250000	169.437500	1.614833	
55.000000	36658.062500	175.437500	1.644737	
56.000000	51507.312500	232.187500	1.674641	
57.000000	46691.375000	212.125000	1.704545	
58.000000	53042.250000	237.250000	1.734450	
59.000000	64964.500000	290.750000	1.764354	
60.000000	60267.312500	276.062500	1.794258	
61.000000	69940.812500	315.250000	1.824163	
62.000000	71897.125000	323.500000	1.854067	
63.000000	80782.125000	365.125000	1.883971	
64.000000	80669.937500	360.937500	1.913876	
