#NUM_THREADS
2.000000	0.000000	0.187500	0.073964	
3.000000	0.000000	0.000000	0.110947	
4.000000	0.000000	0.937500	0.147929	
5.000000	0.000000	1.125000	0.184911	
6.000000	0.000000	1.437500	0.221893	
7.000000	0.000000	1.750000	0.258876	
8.000000	0.000000	2.687500	0.295858	
9.000000	0.000000	3.187500	0.332840	
10.000000	0.000000	2.687500	0.369822	
11.000000	0.000000	3.750000	0.406805	
12.000000	0.000000	5.000000	0.443787	
13.000000	0.000000	5.625000	0.480769	
14.000000	0.000000	6.625000	0.517751	
15.000000	0.000000	8.125000	0.554734	
16.000000	0.000000	9.062500	0.591716	
17.000000	0.000000	8.812500	0.628698	
18.000000	0.000000	9.625000	0.665680	
19.000000	0.000000	10.812500	0.702663	
20.000000	0.000000	10.625000	0.739645	
21.000000	0.000000	11.250000	0.776627	
22.000000	0.000000	12.187500	0.813609	
23.000000	0.000000	15.312500	0.850592	
24.000000	0.000000	14.375000	0.887574	
25.000000	0.000000	16.562500	0.924556	
26.000000	0.000000	17.187500	0.961538	
27.000000	0.000000	19.000000	0.998521	
28.000000	0.000000	19.562500	1.035503	
29.000000	0.000000	18.687500	1.072485	
30.000000	1.562500	20.250000	1.109468	
31.000000	21.000000	20.437500	1.146450	
32.000000	305.750000	22.375000	1.183432	
33.000000	1049.125000	26.687500	1.220414	
34.000000	1730.312500	26.187500	1.257396	
35.000000	4260.250000	35.500000	1.294379	
36.000000	2676.750000	27.937500	1.331361	
37.000000	6632.187500	45.500000	1.368343	
38.000000	9052.125000	58.375000	1.405325	
39.000000	10108.937500	63.562500	1.442308	
40.000000	8828.812500	49.875000	1.479290	
41.000000	18532.625000	96.687500	1.516272	
42.000000	18760.875000	93.125000	1.553254	
43.000000	22543.437500	112.187500	1.590237	
44.000000	27674.000000	137.375000	1.627219	
45.000000	31303.062500	149.875000	1.664201	
46.000000	26971.000000	133.500000	1.701183	
47.000000	39944.000000	178.062500	1.738166	
48.000000	49762.812500	228.125000	1.775148	
49.000000	39454.812500	172.375000	1.812130	
50.000000	50552.062500	229.000000	1.849112	
51.000000	51313.750000	227.375000	1.886095	
52.000000	53488.187500	238.687500	1.923077	
53.000000	63101.312500	277.375000	1.960059	
54.000000	63084.250000	286.375000	1.997041	
55.000000	87998.125000	375.312500	2.034024	
56.000000	89868.937500	388.750000	2.071006	
57.000000	93061.625000	401.687500	2.107988	
58.000000	93049.937500	402.062500	2.144970	
59.000000	102638.000000	445.812500	2.181953	
60.000000	110897.875000	476.375000	2.218935	
61.000000	133409.437500	579.500000	2.255917	
62.000000	138655.187500	606.375000	2.292899	
63.000000	146986.062500	651.375000	2.329882	
64.000000	153549.875000	674.937500	2.366864	
