#NUM_THREADS
2.000000	0.000000	0.000000	0.048638	
3.000000	0.000000	0.000000	0.072957	
4.000000	0.000000	0.250000	0.097276	
5.000000	0.000000	0.812500	0.121595	
6.000000	0.000000	1.250000	0.145914	
7.000000	0.000000	1.812500	0.170233	
8.000000	0.000000	2.250000	0.194553	
9.000000	0.000000	3.000000	0.218872	
10.000000	0.000000	3.437500	0.243191	
11.000000	0.000000	4.312500	0.267510	
12.000000	0.000000	5.000000	0.291829	
13.000000	0.000000	4.875000	0.316148	
14.000000	0.000000	6.875000	0.340467	
15.000000	0.000000	7.875000	0.364786	
16.000000	0.000000	7.687500	0.389105	
17.000000	0.000000	9.062500	0.413424	
18.000000	0.000000	9.937500	0.437743	
19.000000	0.000000	10.687500	0.462062	
20.000000	0.000000	11.625000	0.486381	
21.000000	0.000000	12.562500	0.510700	
22.000000	0.000000	12.562500	0.535019	
23.000000	0.000000	13.187500	0.559339	
24.000000	0.000000	12.437500	0.583658	
25.000000	0.000000	15.562500	0.607977	
26.000000	0.000000	15.750000	0.632296	
27.000000	0.000000	19.187500	0.656615	
28.000000	0.000000	17.312500	0.680934	
29.000000	0.000000	19.437500	0.705253	
30.000000	0.000000	18.000000	0.729572	
31.000000	0.000000	20.937500	0.753891	
32.000000	0.000000	21.687500	0.778210	
33.000000	0.000000	18.812500	0.802529	
34.000000	0.000000	21.812500	0.826848	
35.000000	0.000000	23.937500	0.851167	
36.000000	0.000000	20.687500	0.875486	
37.000000	0.000000	27.562500	0.899805	
38.000000	0.000000	27.562500	0.924125	
39.000000	0.000000	28.687500	0.948444	
40.000000	0.000000	28.812500	0.972763	
41.000000	0.000000	28.500000	0.997082	
42.000000	0.000000	28.750000	1.021401	
43.000000	0.000000	31.750000	1.045720	
44.000000	0.000000	32.562500	1.070039	
45.000000	16.750000	34.875000	1.094358	
46.000000	164.687500	33.750000	1.118677	
47.000000	579.625000	35.687500	1.142996	
48.000000	1611.125000	39.500000	1.167315	
49.000000	1383.125000	44.000000	1.191634	
50.000000	3492.875000	46.687500	1.215953	
51.000000	3851.500000	46.812500	1.240272	
52.000000	6345.062500	57.187500	1.264591	
53.000000	9180.250000	71.750000	1.288911	
54.000000	10037.062500	75.000000	1.313230	
55.000000	12006.187500	80.687500	1.337549	
56.000000	14142.875000	88.875000	1.361868	
57.000000	15593.562500	100.937500	1.386187	
58.000000	20227.937500	118.500000	1.410506	
59.000000	22436.750000	128.250000	1.434825	
60.000000	29553.687500	160.875000	1.459144	
61.000000	31238.812500	162.500000	1.483463	
62.000000	39460.125000	190.625000	1.507782	
63.000000	38930.750000	193.250000	1.532101	
64.000000	42517.375000	203.437500	1.556420	
