#NUM_THREADS
2.000000	0.000000	0.000000	0.077640	
3.000000	0.000000	0.000000	0.116460	
4.000000	0.000000	0.000000	0.155280	
5.000000	0.000000	0.375000	0.194099	
6.000000	0.000000	1.812500	0.232919	
7.000000	0.000000	1.687500	0.271739	
8.000000	0.000000	2.125000	0.310559	
9.000000	0.000000	2.937500	0.349379	
10.000000	0.000000	3.562500	0.388199	
11.000000	0.000000	4.000000	0.427019	
12.000000	0.000000	4.812500	0.465839	
13.000000	0.000000	4.875000	0.504658	
14.000000	0.000000	5.625000	0.543478	
15.000000	0.000000	7.375000	0.582298	
16.000000	0.000000	9.000000	0.621118	
17.000000	0.000000	9.250000	0.659938	
18.000000	0.000000	9.562500	0.698758	
19.000000	0.000000	9.375000	0.737578	
20.000000	0.000000	9.562500	0.776398	
21.000000	0.000000	12.062500	0.815217	
22.000000	0.000000	12.062500	0.854037	
23.000000	0.000000	13.812500	0.892857	
24.000000	0.000000	14.687500	0.931677	
25.000000	0.000000	15.000000	0.970497	
26.000000	0.000000	16.687500	1.009317	
27.000000	0.000000	17.250000	1.048137	
28.000000	0.000000	18.875000	1.086957	
29.000000	0.000000	19.000000	1.125776	
30.000000	162.562500	18.937500	1.164596	
31.000000	454.687500	21.625000	1.203416	
32.000000	939.375000	24.125000	1.242236	
33.000000	2609.125000	32.812500	1.281056	
34.000000	3375.312500	32.687500	1.319876	
35.000000	7113.937500	47.062500	1.358696	
36.000000	8036.187500	49.875000	1.397516	
37.000000	13386.000000	77.937500	1.436335	
38.000000	10517.187500	61.500000	1.475155	
39.000000	8104.750000	57.187500	1.513975	
40.000000	16241.687500	83.062500	1.552795	
41.000000	15236.062500	82.625000	1.591615	
42.000000	18177.375000	90.125000	1.630435	
43.000000	20403.750000	97.250000	1.669255	
44.000000	27727.750000	137.687500	1.708075	
45.000000	34478.312500	158.125000	1.746894	
46.000000	37439.562500	172.062500	1.785714	
47.000000	40536.000000	177.562500	1.824534	
48.000000	39917.187500	184.937500	1.863354	
49.000000	54598.375000	237.625000	1.902174	
50.000000	45953.375000	208.625000	1.940994	
51.000000	57431.250000	258.187500	1.979814	
52.000000	71974.000000	308.187500	2.018634	
53.000000	69770.500000	298.875000	2.057453	
54.000000	76782.187500	339.062500	2.096273	
55.000000	87011.687500	375.687500	2.135093	
56.000000	85228.625000	366.937500	2.173913	
57.000000	98308.437500	428.000000	2.212733	
58.000000	112648.187500	476.187500	2.251553	
59.000000	119435.000000	519.437500	2.290373	
60.000000	162394.437500	698.625000	2.329193	
61.000000	123204.500000	533.500000	2.368012	
62.000000	159999.125000	689.875000	2.406832	
63.000000	159111.187500	692.750000	2.445652	
64.000000	182550.437500	780.437500	2.484472	
