#NUM_THREADS
2.000000	0.000000	0.062500	0.140449	
3.000000	0.000000	0.000000	0.210674	
4.000000	0.000000	0.562500	0.280899	
5.000000	0.000000	1.000000	0.351124	
6.000000	0.000000	1.750000	0.421348	
7.000000	0.000000	2.187500	0.491573	
8.000000	0.000000	2.437500	0.561798	
9.000000	0.000000	2.125000	0.632023	
10.000000	0.000000	3.250000	0.702247	
11.000000	0.000000	4.250000	0.772472	
12.000000	0.000000	5.000000	0.842697	
13.000000	0.000000	5.812500	0.912921	
14.000000	0.000000	6.500000	0.983146	
15.000000	0.000000	7.375000	1.053371	
16.000000	0.000000	7.312500	1.123595	
17.000000	2.500000	9.250000	1.193820	
18.000000	201.750000	8.937500	1.264045	
19.000000	608.500000	12.750000	1.334270	
20.000000	1035.687500	11.812500	1.404494	
21.000000	2784.187500	22.250000	1.474719	
22.000000	3116.125000	22.562500	1.544944	
23.000000	4362.375000	27.500000	1.615169	
24.000000	8450.562500	37.562500	1.685393	
25.000000	9731.187500	42.687500	1.755618	
26.000000	10168.250000	44.500000	1.825843	
27.000000	11377.000000	46.500000	1.896067	
28.000000	14450.375000	58.437500	1.966292	
29.000000	15634.437500	66.687500	2.036517	
30.000000	20868.000000	84.875000	2.106742	
31.000000	24609.375000	109.687500	2.176966	
32.000000	31899.000000	137.187500	2.247191	
33.000000	25403.375000	110.062500	2.317416	
34.000000	32430.125000	139.812500	2.387640	
35.000000	50837.937500	214.000000	2.457865	
36.000000	52278.687500	225.250000	2.528090	
37.000000	48196.500000	209.062500	2.598315	
38.000000	50638.187500	222.437500	2.668539	
39.000000	56231.375000	239.312500	2.738764	
40.000000	67916.062500	289.500000	2.808989	
41.000000	72748.250000	306.687500	2.879214	
42.000000	77585.125000	331.000000	2.949438	
43.000000	96826.375000	403.562500	3.019663	
44.000000	81952.750000	350.625000	3.089888	
45.000000	97419.937500	426.437500	3.160112	
46.000000	128202.937500	553.625000	3.230337	
47.000000	123141.875000	529.250000	3.300562	
48.000000	126888.750000	540.750000	3.370786	
49.000000	139098.250000	597.125000	3.441011	
50.000000	152000.750000	653.250000	3.511236	
51.000000	168101.000000	709.187500	3.581461	
52.000000	164801.250000	700.562500	3.651685	
53.000000	165658.562500	711.687500	3.721910	
54.000000	193467.937500	826.562500	3.792135	
55.000000	194086.187500	828.187500	3.862360	
56.000000	186294.937500	800.375000	3.932584	
57.000000	215810.250000	910.812500	4.002809	
58.000000	266175.562500	1132.687500	4.073034	
59.000000	227090.937500	969.250000	4.143259	
60.000000	237458.000000	1006.687500	4.213483	
61.000000	274106.187500	1174.062500	4.283708	
62.000000	284868.625000	1210.812500	4.353932	
63.000000	320050.437500	1371.437500	4.424157	
64.000000	319371.812500	1363.125000	4.494382	
