#NUM_THREADS
2.000000	0.000000	0.000000	0.029412	
3.000000	0.000000	0.250000	0.044118	
4.000000	0.000000	1.000000	0.058824	
5.000000	0.000000	1.250000	0.073529	
6.000000	0.000000	1.750000	0.088235	
7.000000	0.000000	2.437500	0.102941	
8.000000	0.000000	2.687500	0.117647	
9.000000	0.000000	2.937500	0.132353	
10.000000	0.000000	3.937500	0.147059	
11.000000	0.000000	3.750000	0.161765	
12.000000	0.000000	4.937500	0.176471	
13.000000	0.000000	5.062500	0.191176	
14.000000	0.000000	5.875000	0.205882	
15.000000	0.000000	7.812500	0.220588	
16.000000	0.000000	7.687500	0.235294	
17.000000	0.000000	9.625000	0.250000	
18.000000	0.000000	10.250000	0.264706	
19.000000	0.000000	11.125000	0.279412	
20.000000	0.000000	10.562500	0.294118	
21.000000	0.000000	13.375000	0.308824	
22.000000	0.000000	13.000000	0.323529	
23.000000	0.000000	13.500000	0.338235	
24.000000	0.000000	15.625000	0.352941	
25.000000	0.000000	15.625000	0.367647	
26.000000	0.000000	14.937500	0.382353	
27.000000	0.000000	17.312500	0.397059	
28.000000	0.000000	16.750000	0.411765	
29.000000	0.000000	16.937500	0.426471	
30.000000	0.000000	19.625000	0.441176	
31.000000	0.000000	20.312500	0.455882	
32.000000	0.000000	19.625000	0.470588	
33.000000	0.000000	21.750000	0.485294	
34.000000	0.000000	21.375000	0.500000	
35.000000	0.000000	21.562500	0.514706	
36.000000	0.000000	25.125000	0.529412	
37.000000	0.000000	24.375000	0.544118	
38.000000	0.000000	27.750000	0.558824	
39.000000	0.000000	29.562500	0.573529	
40.000000	0.000000	29.187500	0.588235	
41.000000	0.000000	28.687500	0.602941	
42.000000	0.000000	31.437500	0.617647	
43.000000	0.000000	28.937500	0.632353	
44.000000	0.000000	33.000000	0.647059	
45.000000	0.000000	32.125000	0.661765	
46.000000	0.000000	32.750000	0.676471	
47.000000	0.000000	31.750000	0.691176	
48.000000	0.000000	36.062500	0.705882	
49.000000	0.000000	34.812500	0.720588	
50.000000	0.000000	37.500000	0.735294	
51.000000	0.000000	34.375000	0.750000	
52.000000	0.000000	34.375000	0.764706	
53.000000	0.000000	40.375000	0.779412	
54.000000	0.000000	41.312500	0.794118	
55.000000	0.000000	39.062500	0.808824	
56.000000	0.000000	38.812500	0.823529	
57.000000	0.000000	44.500000	0.838235	
58.000000	0.000000	43.812500	0.852941	
59.000000	0.000000	41.437500	0.867647	
60.000000	0.000000	50.437500	0.882353	
61.000000	0.000000	49.750000	0.897059	
62.000000	0.000000	49.625000	0.911765	
63.000000	0.000000	47.125000	0.926471	
64.000000	0.000000	48.625000	0.941176	
