#NUM_THREADS
2.000000	0.000000	0.062500	0.040984	
3.000000	0.000000	0.000000	0.061475	
4.000000	0.000000	0.812500	0.081967	
5.000000	0.000000	0.812500	0.102459	
6.000000	0.000000	1.250000	0.122951	
7.000000	0.000000	1.750000	0.143443	
8.000000	0.000000	2.437500	0.163934	
9.000000	0.000000	3.187500	0.184426	
10.000000	0.000000	3.687500	0.204918	
11.000000	0.000000	3.625000	0.225410	
12.000000	0.000000	4.500000	0.245902	
13.000000	0.000000	5.500000	0.266393	
14.000000	0.000000	6.250000	0.286885	
15.000000	0.000000	7.062500	0.307377	
16.000000	0.000000	6.250000	0.327869	
17.000000	0.000000	8.312500	0.348361	
18.000000	0.000000	9.625000	0.368852	
19.000000	0.000000	10.312500	0.389344	
20.000000	0.000000	11.312500	0.409836	
21.000000	0.000000	13.000000	0.430328	
22.000000	0.000000	12.375000	0.450820	
23.000000	0.000000	15.937500	0.471311	
24.000000	0.000000	14.625000	0.491803	
25.000000	0.000000	14.125000	0.512295	
26.000000	0.000000	14.187500	0.532787	
27.000000	0.000000	15.500000	0.553279	
28.000000	0.000000	16.250000	0.573770	
29.000000	0.000000	17.812500	0.594262	
30.000000	0.000000	20.500000	0.614754	
31.000000	0.000000	21.625000	0.635246	
32.000000	0.000000	19.937500	0.655738	
33.000000	0.000000	22.562500	0.676230	
34.000000	0.000000	24.437500	0.696721	
35.000000	0.000000	24.500000	0.717213	
36.000000	0.000000	26.000000	0.737705	
37.000000	0.000000	25.000000	0.758197	
38.000000	0.000000	25.812500	0.778689	
39.000000	0.000000	29.500000	0.799180	
40.000000	0.000000	27.875000	0.819672	
41.000000	0.000000	28.312500	0.840164	
42.000000	0.000000	29.687500	0.860656	
43.000000	0.000000	30.437500	0.881148	
44.000000	0.000000	32.125000	0.901639	
45.000000	0.000000	31.562500	0.922131	
46.000000	0.000000	33.812500	0.942623	
47.000000	0.000000	36.562500	0.963115	
48.000000	0.000000	34.812500	0.983607	
49.000000	0.000000	35.625000	1.004098	
50.000000	0.000000	37.500000	1.024590	
51.000000	0.000000	38.062500	1.045082	
52.000000	0.000000	36.125000	1.065574	
53.000000	5.750000	38.187500	1.086066	
54.000000	20.937500	39.437500	1.106557	
55.000000	329.625000	40.437500	1.127049	
56.000000	789.437500	39.812500	1.147541	
57.000000	1334.187500	45.125000	1.168033	
58.000000	3802.500000	53.250000	1.188525	
59.000000	5127.437500	62.812500	1.209016	
60.000000	4595.125000	54.750000	1.229508	
61.000000	4324.437500	58.375000	1.250000	
62.000000	10741.750000	81.062500	1.270492	
63.000000	13304.187500	90.687500	1.290984	
64.000000	12734.187500	88.937500	1.311475	
