#NUM_THREADS
2.000000	0.000000	0.187500	0.057604	
3.000000	0.000000	0.000000	0.086406	
4.000000	0.000000	0.125000	0.115207	
5.000000	0.000000	0.937500	0.144009	
6.000000	0.000000	0.812500	0.172811	
7.000000	0.000000	1.500000	0.201613	
8.000000	0.000000	2.625000	0.230415	
9.000000	0.000000	3.000000	0.259217	
10.000000	0.000000	3.375000	0.288018	
11.000000	0.000000	4.250000	0.316820	
12.000000	0.000000	5.562500	0.345622	
13.000000	0.000000	5.312500	0.374424	
14.000000	0.000000	5.812500	0.403226	
15.000000	0.000000	7.187500	0.432028	
16.000000	0.000000	8.875000	0.460829	
17.000000	0.000000	9.125000	0.489631	
18.000000	0.000000	10.750000	0.518433	
19.000000	0.000000	10.250000	0.547235	
20.000000	0.000000	12.437500	0.576037	
21.000000	0.000000	10.812500	0.604839	
22.000000	0.000000	12.187500	0.633641	
23.000000	0.000000	14.562500	0.662442	
24.000000	0.000000	14.437500	0.691244	
25.000000	0.000000	15.625000	0.720046	
26.000000	0.000000	17.125000	0.748848	
27.000000	0.000000	15.562500	0.777650	
28.000000	0.000000	17.750000	0.806452	
29.000000	0.000000	17.062500	0.835253	
30.000000	0.000000	17.875000	0.864055	
31.000000	0.000000	19.250000	0.892857	
32.000000	0.000000	20.250000	0.921659	
33.000000	0.000000	23.250000	0.950461	
34.000000	0.000000	22.125000	0.979263	
35.000000	0.000000	22.812500	1.008065	
36.000000	0.000000	26.875000	1.036866	
37.000000	0.000000	26.500000	1.065668	
38.000000	2.875000	26.625000	1.094470	
39.000000	60.125000	27.500000	1.123272	
40.000000	307.062500	28.500000	1.152074	
41.000000	904.375000	33.062500	1.180876	
42.000000	1891.500000	34.375000	1.209677	
43.000000	2136.000000	33.875000	1.238479	
44.000000	5301.000000	48.812500	1.267281	
45.000000	6584.500000	51.750000	1.296083	
46.000000	7495.125000	56.062500	1.324885	
47.000000	11037.062500	73.562500	1.353687	
48.000000	8696.937500	64.437500	1.382488	
49.000000	19169.875000	103.812500	1.411290	
50.000000	16171.812500	90.750000	1.440092	
51.000000	13385.250000	82.500000	1.468894	
52.000000	24350.812500	120.937500	1.497696	
53.000000	24991.750000	131.125000	1.526498	
54.000000	36556.812500	177.562500	1.555300	
55.000000	39274.750000	184.562500	1.584101	
56.000000	37858.312500	189.312500	1.612903	
57.000000	47365.000000	210.375000	1.641705	
58.000000	42908.937500	202.625000	1.670507	
59.000000	59299.500000	273.187500	1.699309	
60.000000	62498.437500	277.312500	1.728111	
61.000000	74078.125000	330.750000	1.756912	
62.000000	72137.187500	319.187500	1.785714	
63.000000	61154.437500	278.812500	1.814516	
64.000000	87495.250000	375.750000	1.843318	
