#NUM_THREADS
2.000000	0.000000	0.000000	0.219298	
3.000000	0.000000	0.375000	0.328947	
4.000000	0.000000	1.000000	0.438596	
5.000000	0.000000	1.062500	0.548246	
6.000000	0.000000	1.625000	0.657895	
7.000000	0.000000	2.000000	0.767544	
8.000000	0.000000	2.375000	0.877193	
9.000000	0.000000	3.000000	0.986842	
10.000000	0.000000	3.437500	1.096491	
11.000000	0.000000	3.937500	1.206140	
12.000000	33.937500	5.687500	1.315789	
13.000000	334.187500	6.687500	1.425439	
14.000000	910.625000	8.000000	1.535088	
15.000000	2053.312500	12.312500	1.644737	
16.000000	3653.375000	17.000000	1.754386	
17.000000	4207.625000	18.875000	1.864035	
18.000000	5592.250000	22.062500	1.973684	
19.000000	6229.437500	28.312500	2.083333	
20.000000	8463.437500	35.625000	2.192982	
21.000000	11187.125000	46.750000	2.302632	
22.000000	10924.687500	39.000000	2.412281	
23.000000	13394.187500	43.625000	2.521930	
24.000000	14137.000000	54.625000	2.631579	
25.000000	19403.250000	80.187500	2.741228	
26.000000	29505.000000	124.750000	2.850877	
27.000000	26469.500000	104.875000	2.960526	
28.000000	27091.250000	123.750000	3.070175	
29.000000	36917.125000	151.437500	3.179825	
30.000000	42348.625000	166.312500	3.289474	
31.000000	50127.125000	208.187500	3.399123	
32.000000	48873.250000	196.750000	3.508772	
33.000000	59062.312500	250.937500	3.618421	
34.000000	60453.312500	257.687500	3.728070	
35.000000	75535.250000	317.187500	3.837719	
36.000000	70068.062500	302.250000	3.947368	
37.000000	76606.437500	314.125000	4.057017	
38.000000	87972.000000	371.250000	4.166667	
39.000000	91759.312500	387.875000	4.276316	
40.000000	113516.687500	480.437500	4.385965	
41.000000	106913.937500	450.625000	4.495614	
42.000000	131470.125000	565.000000	4.605263	
43.000000	121531.062500	528.125000	4.714912	
44.000000	136185.625000	576.875000	4.824562	
45.000000	115999.812500	511.375000	4.934210	
46.000000	145310.062500	632.750000	5.043859	
47.000000	160542.625000	682.000000	5.153509	
48.000000	179333.000000	765.937500	5.263158	
49.000000	193326.187500	823.500000	5.372807	
50.000000	216009.000000	916.187500	5.482456	
51.000000	200768.125000	866.562500	5.592105	
52.000000	232752.687500	983.125000	5.701755	
53.000000	213287.562500	912.187500	5.811403	
54.000000	240457.062500	1028.312500	5.921052	
55.000000	262213.062500	1121.125000	6.030702	
56.000000	278140.187500	1185.000000	6.140351	
57.000000	289841.312500	1227.625000	6.250000	
58.000000	278882.500000	1194.750000	6.359649	
59.000000	289657.437500	1244.375000	6.469298	
60.000000	321633.625000	1370.250000	6.578948	
61.000000	346690.375000	1483.062500	6.688597	
62.000000	386645.375000	1633.187500	6.798245	
63.000000	376498.437500	1612.625000	6.907895	
64.000000	392609.062500	1671.437500	7.017544	
