#NUM_THREADS
2.000000	0.000000	0.000000	0.036232	
3.000000	0.000000	0.812500	0.054348	
4.000000	0.000000	0.875000	0.072464	
5.000000	0.000000	1.187500	0.090580	
6.000000	0.000000	1.687500	0.108696	
7.000000	0.000000	1.937500	0.126812	
8.000000	0.000000	2.812500	0.144928	
9.000000	0.000000	3.062500	0.163043	
10.000000	0.000000	2.687500	0.181159	
11.000000	0.000000	4.812500	0.199275	
12.000000	0.000000	5.000000	0.217391	
13.000000	0.000000	4.312500	0.235507	
14.000000	0.000000	6.062500	0.253623	
15.000000	0.000000	7.875000	0.271739	
16.000000	0.000000	8.625000	0.289855	
17.000000	0.000000	9.000000	0.307971	
18.000000	0.000000	9.437500	0.326087	
19.000000	0.000000	10.375000	0.344203	
20.000000	0.000000	11.500000	0.362319	
21.000000	0.000000	12.187500	0.380435	
22.000000	0.000000	11.562500	0.398551	
23.000000	0.000000	13.312500	0.416667	
24.000000	0.000000	14.187500	0.434783	
25.000000	0.000000	13.562500	0.452899	
26.000000	0.000000	15.250000	0.471014	
27.000000	0.000000	14.937500	0.489130	
28.000000	0.000000	17.562500	0.507246	
29.000000	0.000000	18.437500	0.525362	
30.000000	0.000000	19.812500	0.543478	
31.000000	0.000000	19.937500	0.561594	
32.000000	0.000000	22.125000	0.579710	
33.000000	0.000000	20.625000	0.597826	
34.000000	0.000000	24.125000	0.615942	
35.000000	0.000000	26.625000	0.634058	
36.000000	0.000000	25.625000	0.652174	
37.000000	0.000000	28.812500	0.670290	
38.000000	0.000000	27.437500	0.688406	
39.000000	0.000000	27.687500	0.706522	
40.000000	0.000000	30.500000	0.724638	
41.000000	0.000000	28.562500	0.742754	
42.000000	0.000000	30.625000	0.760870	
43.000000	0.000000	31.687500	0.778986	
44.000000	0.000000	29.375000	0.797101	
45.000000	0.000000	33.625000	0.815217	
46.000000	0.000000	32.375000	0.833333	
47.000000	0.000000	34.687500	0.851449	
48.000000	0.000000	34.812500	0.869565	
49.000000	0.000000	36.187500	0.887681	
50.000000	0.000000	36.750000	0.905797	
51.000000	0.000000	37.937500	0.923913	
52.000000	0.000000	39.875000	0.942029	
53.000000	0.000000	38.125000	0.960145	
54.000000	0.000000	38.125000	0.978261	
55.000000	0.000000	41.812500	0.996377	
56.000000	0.000000	39.000000	1.014493	
57.000000	0.000000	46.187500	1.032609	
58.000000	0.000000	46.250000	1.050725	
59.000000	0.000000	43.625000	1.068841	
60.000000	7.937500	45.437500	1.086957	
61.000000	57.687500	43.812500	1.105072	
62.000000	381.312500	47.937500	1.123188	
63.000000	1063.250000	49.125000	1.141304	
64.000000	2025.875000	52.562500	1.159420	
