#NUM_THREADS
2.000000	0.000000	0.000000	0.304878	
3.000000	0.000000	0.000000	0.457317	
4.000000	0.000000	0.562500	0.609756	
5.000000	0.000000	1.125000	0.762195	
6.000000	0.000000	1.562500	0.914634	
7.000000	0.000000	1.937500	1.067073	
8.000000	0.000000	2.062500	1.219512	
9.000000	1.625000	2.750000	1.371951	
10.000000	279.125000	4.312500	1.524390	
11.000000	638.187500	5.250000	1.676829	
12.000000	1073.625000	5.687500	1.829268	
13.000000	1958.375000	9.437500	1.981707	
14.000000	3551.625000	15.500000	2.134146	
15.000000	4585.625000	17.250000	2.286585	
16.000000	4431.500000	17.625000	2.439024	
17.000000	10133.187500	39.062500	2.591463	
18.000000	10532.312500	37.000000	2.743902	
19.000000	12459.687500	46.312500	2.896342	
20.000000	14008.500000	47.312500	3.048780	
21.000000	16918.812500	64.125000	3.201220	
22.000000	17378.250000	65.937500	3.353658	
23.000000	22910.750000	90.437500	3.506098	
24.000000	17974.312500	72.875000	3.658537	
25.000000	26626.875000	117.375000	3.810976	
26.000000	33737.125000	143.625000	3.963415	
27.000000	35019.562500	132.812500	4.115854	
28.000000	45522.687500	190.812500	4.268293	
29.000000	52966.937500	219.562500	4.420732	
30.000000	56203.125000	226.812500	4.573171	
31.000000	60153.750000	246.562500	4.725610	
32.000000	66919.937500	272.375000	4.878049	
33.000000	69087.375000	289.312500	5.030488	
34.000000	86594.812500	371.250000	5.182927	
35.000000	87879.875000	366.500000	5.335366	
36.000000	91916.562500	390.562500	5.487805	
37.000000	101429.375000	440.250000	5.640244	
38.000000	109801.500000	465.562500	5.792683	
39.000000	106184.312500	458.437500	5.945122	
40.000000	121867.312500	519.375000	6.097561	
41.000000	125756.687500	531.750000	6.250000	
42.000000	149757.125000	652.312500	6.402439	
43.000000	142681.250000	603.625000	6.554878	
44.000000	171734.500000	733.125000	6.707317	
45.000000	191352.437500	812.625000	6.859756	
46.000000	177016.500000	753.750000	7.012195	
47.000000	189584.687500	810.812500	7.164634	
48.000000	215083.750000	908.937500	7.317073	
49.000000	245874.875000	1039.375000	7.469512	
50.000000	251890.875000	1072.687500	7.621951	
51.000000	234965.875000	1000.187500	7.774390	
52.000000	248524.812500	1054.250000	7.926829	
53.000000	258002.000000	1098.000000	8.079268	
54.000000	267826.875000	1143.687500	8.231708	
55.000000	299862.812500	1268.875000	8.384147	
56.000000	286105.375000	1212.812500	8.536586	
57.000000	318990.625000	1349.937500	8.689024	
58.000000	331010.875000	1405.187500	8.841463	
59.000000	339984.187500	1444.250000	8.993902	
60.000000	381626.687500	1607.000000	9.146341	
61.000000	376662.687500	1592.000000	9.298780	
62.000000	388076.500000	1637.437500	9.451220	
63.000000	447391.437500	1890.000000	9.603659	
64.000000	431128.375000	1832.750000	9.756098	
