#NUM_THREADS
2.000000	0.000000	0.125000	0.070621	
3.000000	0.000000	0.000000	0.105932	
4.000000	0.000000	0.000000	0.141243	
5.000000	0.000000	0.375000	0.176554	
6.000000	0.000000	1.687500	0.211864	
7.000000	0.000000	1.937500	0.247175	
8.000000	0.000000	2.375000	0.282486	
9.000000	0.000000	3.125000	0.317797	
10.000000	0.000000	3.312500	0.353107	
11.000000	0.000000	4.250000	0.388418	
12.000000	0.000000	5.125000	0.423729	
13.000000	0.000000	5.562500	0.459040	
14.000000	0.000000	6.562500	0.494350	
15.000000	0.000000	7.000000	0.529661	
16.000000	0.000000	9.312500	0.564972	
17.000000	0.000000	9.937500	0.600282	
18.000000	0.000000	10.062500	0.635593	
19.000000	0.000000	10.187500	0.670904	
20.000000	0.000000	9.687500	0.706215	
21.000000	0.000000	11.562500	0.741525	
22.000000	0.000000	13.125000	0.776836	
23.000000	0.000000	14.125000	0.812147	
24.000000	0.000000	15.437500	0.847458	
25.000000	0.000000	15.625000	0.882768	
26.000000	0.000000	16.500000	0.918079	
27.000000	0.000000	16.625000	0.953390	
28.000000	0.000000	20.500000	0.988701	
29.000000	0.000000	20.750000	1.024011	
30.000000	0.000000	19.250000	1.059322	
31.000000	0.000000	19.687500	1.094633	
32.000000	104.187500	21.500000	1.129943	
33.000000	403.062500	26.875000	1.165254	
34.000000	621.375000	23.312500	1.200565	
35.000000	1468.500000	27.000000	1.235876	
36.000000	2942.812500	31.437500	1.271186	
37.000000	5574.625000	40.812500	1.306497	
38.000000	5912.125000	43.125000	1.341808	
39.000000	9348.750000	61.750000	1.377119	
40.000000	6487.125000	43.625000	1.412429	
41.000000	12506.937500	68.625000	1.447740	
42.000000	11063.187500	62.937500	1.483051	
43.000000	11508.750000	61.250000	1.518362	
44.000000	18276.562500	94.187500	1.553672	
45.000000	20249.937500	114.375000	1.588983	
46.000000	28431.625000	136.125000	1.624294	
47.000000	30421.937500	144.375000	1.659605	
48.000000	36420.000000	162.562500	1.694915	
49.000000	47908.750000	218.687500	1.730226	
50.000000	40043.250000	186.875000	1.765537	
51.000000	56217.187500	254.812500	1.800847	
52.000000	64478.250000	285.875000	1.836158	
53.000000	50649.437500	230.125000	1.871469	
54.000000	75707.312500	325.250000	1.906780	
55.000000	66675.125000	298.250000	1.942090	
56.000000	76963.562500	334.437500	1.977401	
57.000000	76154.125000	335.437500	2.012712	
58.000000	78073.062500	341.375000	2.048023	
59.000000	110472.437500	480.375000	2.083333	
60.000000	99496.062500	435.750000	2.118644	
61.000000	118926.625000	512.312500	2.153955	
62.000000	108047.562500	473.812500	2.189265	
63.000000	111570.750000	492.625000	2.224576	
64.000000	148058.750000	635.375000	2.259887	
