#NUM_THREADS
2.000000	0.000000	0.187500	0.047170	
3.000000	0.000000	0.000000	0.070755	
4.000000	0.000000	0.687500	0.094340	
5.000000	0.000000	1.000000	0.117925	
6.000000	0.000000	1.500000	0.141509	
7.000000	0.000000	1.500000	0.165094	
8.000000	0.000000	2.125000	0.188679	
9.000000	0.000000	2.687500	0.212264	
10.000000	0.000000	3.687500	0.235849	
11.000000	0.000000	4.375000	0.259434	
12.000000	0.000000	5.125000	0.283019	
13.000000	0.000000	6.187500	0.306604	
14.000000	0.000000	6.312500	0.330189	
15.000000	0.000000	6.750000	0.353774	
16.000000	0.000000	7.875000	0.377358	
17.000000	0.000000	9.125000	0.400943	
18.000000	0.000000	9.875000	0.424528	
19.000000	0.000000	10.000000	0.448113	
20.000000	0.000000	10.937500	0.471698	
21.000000	0.000000	11.125000	0.495283	
22.000000	0.000000	13.000000	0.518868	
23.000000	0.000000	13.937500	0.542453	
24.000000	0.000000	14.437500	0.566038	
25.000000	0.000000	16.125000	0.589623	
26.000000	0.000000	14.375000	0.613208	
27.000000	0.000000	16.250000	0.636792	
28.000000	0.000000	19.375000	0.660377	
29.000000	0.000000	19.500000	0.683962	
30.000000	0.000000	19.125000	0.707547	
31.000000	0.000000	23.437500	0.731132	
32.000000	0.000000	23.187500	0.754717	
33.000000	0.000000	21.062500	0.778302	
34.000000	0.000000	23.687500	0.801887	
35.000000	0.000000	25.437500	0.825472	
36.000000	0.000000	23.312500	0.849057	
37.000000	0.000000	25.812500	0.872642	
38.000000	0.000000	29.062500	0.896226	
39.000000	0.000000	27.562500	0.919811	
40.000000	0.000000	29.312500	0.943396	
41.000000	0.000000	28.812500	0.966981	
42.000000	0.000000	30.437500	0.990566	
43.000000	0.000000	31.187500	1.014151	
44.000000	0.000000	30.625000	1.037736	
45.000000	0.000000	31.750000	1.061321	
46.000000	8.500000	35.125000	1.084906	
47.000000	64.625000	36.000000	1.108491	
48.000000	286.125000	35.937500	1.132075	
49.000000	681.750000	37.812500	1.155660	
50.000000	1461.312500	40.437500	1.179245	
51.000000	1751.937500	38.312500	1.202830	
52.000000	3311.687500	46.750000	1.226415	
53.000000	6195.937500	58.437500	1.250000	
54.000000	7334.750000	63.937500	1.273585	
55.000000	8831.375000	70.875000	1.297170	
56.000000	9071.500000	69.812500	1.320755	
57.000000	11460.500000	79.437500	1.344340	
58.000000	14246.500000	91.375000	1.367925	
59.000000	18303.687500	112.312500	1.391509	
60.000000	14569.437500	86.312500	1.415094	
61.000000	28906.000000	145.375000	1.438679	
62.000000	31778.062500	169.812500	1.462264	
63.000000	35971.500000	167.562500	1.485849	
64.000000	33733.562500	168.625000	1.509434	
