#NUM_THREADS
1.77778
0
0
0.209644
2.35294
0
0
0.27747
2.88
0
0.12
0.339623
3.39394
0
0.393939
0.400229
3.90244
0
0.560976
0.460193
4.40816
0
0.795918
0.519831
4.91228
0
1.05263
0.579278
5.41538
0
1.23077
0.638607
5.91781
0
1.47945
0.697855
6.41975
5.07407
1.7284
0.757046
6.92135
16.5169
1.93258
0.816197
7.42268
73.2062
2.31959
0.875316
7.92381
156.429
2.84762
0.934412
8.42478
328.823
3.65487
0.993488
8.92562
517.554
4.35537
1.05255
9.42636
680.481
5.00775
1.1116
9.92701
813.467
5.56934
1.17064
10.4276
1096.26
6.67586
1.22967
10.9281
1551.51
7.97386
1.28869
11.4286
1962.83
9.36646
1.34771
11.929
2618.67
11.8639
1.40672
12.4294
3050.53
13.5311
1.46573
12.9297
3496.84
15.3514
1.52473
13.4301
4331.3
18.4974
1.58373
13.9303
5206.09
22.0547
1.64273
14.4306
6347.33
26.7656
1.70172
14.9309
7305.01
30.3088
1.76072
15.4311
8278.32
34.1556
1.81971
15.9313
9674.19
39.8541
1.87869
16.4315
11089.9
45.5892
1.93768
16.9317
12090.3
49.2691
1.99667
17.4319
13586.3
55.4514
2.05565
17.9321
15219.9
62.1811
2.11463
18.4322
17035
69.6007
2.17361
18.9324
18651.7
76.5836
2.23259
19.4325
20631.1
85.1488
2.29157
19.9327
22549.2
93.6296
2.35055
20.4328
24822.5
103.19
2.40953
20.9329
27013.2
112.831
2.4685
21.433
29049.1
121.785
2.52748
21.9331
31225.1
130.736
2.58645
22.4332
33491.6
140.202
2.64543
22.9333
35718.4
149.693
2.7044
23.4334
39022.5
163.796
2.76338
23.9335
41887
176.008
2.82235
24.4336
44440.9
186.995
2.88132
24.9337
47488.1
199.782
2.94029
25.4338
50944.8
214.717
2.99926
25.9338
54347.3
229.059
3.05824
26.4339
57100.6
241.087
3.11721
26.934
60359.8
255.213
3.17618
27.4341
63701.2
270.005
3.23515
27.9341
67708.1
287.047
3.29412
28.4342
70908.6
300.873
3.35309
28.9342
74488.4
316.018
3.41206
29.4343
78272.1
332.214
3.47103
29.9344
81547.2
346.188
3.52999
30.4344
86535.2
367.43
3.58896
30.9345
90342.1
384.188
3.64793
31.4345
94082.5
400.536
3.7069
31.9346
98432.6
419.141
3.76587
32.4346
102942
438.32
3.82484
32.9347
107254
456.919
3.8838
