#NUM_THREADS
1.77778
78.8889
0
2.22222
2.35294
141.824
0
2.94118
2.88
177.36
0.12
3.6
3.39394
297.939
0.454545
4.24242
3.90244
396.512
0.926829
4.87805
4.40816
629.082
1.71429
5.5102
4.91228
1389.75
2.73684
6.14035
5.41538
1754.98
3.92308
6.76923
5.91781
2156.27
5.26027
7.39726
6.41975
2901.67
7.23457
8.02469
6.92135
3754.03
9.75281
8.65169
7.42268
4550.18
12.3299
9.27835
7.92381
5390.9
14.8571
9.90476
8.42478
6341.27
18.0619
10.531
8.92562
7453.45
21.8347
11.157
9.42636
8370.73
25.4961
11.7829
9.92701
9773.41
30.1752
12.4088
10.4276
11264.1
36.5172
13.0345
10.9281
12799.6
43.4183
13.6601
11.4286
14344.9
50.0683
14.2857
11.929
16332.5
58.8817
14.9112
12.4294
18140.9
67.6158
15.5367
12.9297
20400.4
77.8703
16.1622
13.4301
22576.5
86.9896
16.7876
13.9303
25037.4
98.4478
17.4129
14.4306
27226
107.598
18.0383
14.9309
29745.3
118.903
18.6636
15.4311
31836.8
128.462
19.2889
15.9313
34641
140.644
19.9142
16.4315
37423.3
152.921
20.5394
16.9317
40670.2
167.197
21.1647
17.4319
43777
180.518
21.7899
17.9321
47002.6
194.502
22.4151
18.4322
50477.8
208.608
23.0403
18.9324
53608.2
222.384
23.6655
19.4325
57016.1
237.574
24.2907
19.9327
60788.9
253.906
24.9158
20.4328
64784.7
270.948
25.541
20.9329
68570.5
287.067
26.1661
21.433
72176
302.396
26.7913
21.9331
76277.8
319.918
27.4164
22.4332
80413.3
336.487
28.0415
22.9333
84264.2
353.281
28.6667
23.4334
88657
372.088
29.2918
23.9335
93332.6
392.022
29.9169
24.4336
98146
412.488
30.542
24.9337
102806
432.443
31.1671
25.4338
107374
451.797
31.7922
25.9338
111445
468.776
32.4173
26.4339
115861
487.551
33.0424
26.934
120391
506.785
33.6675
27.4341
125412
528.293
34.2926
27.9341
129871
547.682
34.9176
28.4342
134734
568.473
35.5427
28.9342
140644
593.478
36.1678
29.4343
146072
616.764
36.7929
29.9344
151593
639.98
37.4179
30.4344
157038
663.475
38.043
30.9345
163229
689.562
38.6681
31.4345
169200
715.025
39.2931
31.9346
175390
741.342
39.9182
32.4346
180928
764.869
40.5433
32.9347
186770
789.695
41.1683
