#NUM_THREADS
2.000000	0.000000	0.000000	0.045788	
3.000000	0.000000	0.000000	0.068681	
4.000000	0.000000	0.437500	0.091575	
5.000000	0.000000	1.312500	0.114469	
6.000000	0.000000	1.625000	0.137363	
7.000000	0.000000	1.937500	0.160256	
8.000000	0.000000	2.437500	0.183150	
9.000000	0.000000	3.000000	0.206044	
10.000000	0.000000	3.000000	0.228938	
11.000000	0.000000	4.000000	0.251832	
12.000000	0.000000	4.687500	0.274725	
13.000000	0.000000	6.000000	0.297619	
14.000000	0.000000	6.562500	0.320513	
15.000000	0.000000	7.187500	0.343407	
16.000000	0.000000	8.312500	0.366300	
17.000000	0.000000	9.187500	0.389194	
18.000000	0.000000	8.312500	0.412088	
19.000000	0.000000	10.187500	0.434982	
20.000000	0.000000	11.250000	0.457875	
21.000000	0.000000	12.437500	0.480769	
22.000000	0.000000	12.250000	0.503663	
23.000000	0.000000	13.062500	0.526557	
24.000000	0.000000	14.812500	0.549451	
25.000000	0.000000	14.500000	0.572344	
26.000000	0.000000	15.687500	0.595238	
27.000000	0.000000	16.375000	0.618132	
28.000000	0.000000	16.625000	0.641026	
29.000000	0.000000	18.250000	0.663919	
30.000000	0.000000	21.937500	0.686813	
31.000000	0.000000	21.375000	0.709707	
32.000000	0.000000	21.875000	0.732601	
33.000000	0.000000	24.312500	0.755495	
34.000000	0.000000	23.625000	0.778388	
35.000000	0.000000	23.500000	0.801282	
36.000000	0.000000	26.187500	0.824176	
37.000000	0.000000	26.812500	0.847070	
38.000000	0.000000	26.250000	0.869963	
39.000000	0.000000	27.375000	0.892857	
40.000000	0.000000	26.937500	0.915751	
41.000000	0.000000	28.000000	0.938645	
42.000000	0.000000	29.562500	0.961538	
43.000000	0.000000	31.562500	0.984432	
44.000000	0.000000	29.125000	1.007326	
45.000000	0.000000	33.687500	1.030220	
46.000000	0.000000	34.812500	1.053114	
47.000000	0.062500	37.500000	1.076007	
48.000000	54.500000	37.125000	1.098901	
49.000000	31.500000	34.125000	1.121795	
50.000000	394.500000	37.250000	1.144689	
51.000000	1336.375000	42.625000	1.167582	
52.000000	1458.937500	41.312500	1.190476	
53.000000	1243.750000	38.937500	1.213370	
54.000000	3885.000000	47.937500	1.236264	
55.000000	5782.500000	55.937500	1.259158	
56.000000	8403.687500	68.187500	1.282051	
57.000000	9754.312500	71.625000	1.304945	
58.000000	13948.062500	90.500000	1.327839	
59.000000	9267.875000	67.812500	1.350733	
60.000000	16601.062500	104.437500	1.373626	
61.000000	18351.687500	107.437500	1.396520	
62.000000	25747.437500	142.812500	1.419414	
63.000000	26198.375000	149.687500	1.442308	
64.000000	32559.375000	163.687500	1.465201	
