#NUM_THREADS
1.77778
0
0
0.182149
2.35294
0
0
0.24108
2.88
0
0.08
0.295082
3.39394
0
0.272727
0.34774
3.90244
0
0.414634
0.39984
4.40816
0
0.55102
0.451656
4.91228
0
0.736842
0.503307
5.41538
0
0.969231
0.554855
5.91781
0
1.28767
0.606333
6.41975
0
1.5679
0.657761
6.92135
4.21348
1.88764
0.709154
7.42268
13.0825
2.18557
0.76052
7.92381
84.1905
2.70476
0.811866
8.42478
132.54
3.09735
0.863194
8.92562
246.463
3.76033
0.91451
9.42636
392.155
4.35659
0.965815
9.92701
671.058
5.56204
1.01711
10.4276
950.331
6.72414
1.0684
10.9281
1202.63
7.93464
1.11968
11.4286
1677.36
9.91304
1.17096
11.929
2180.45
11.6272
1.22223
12.4294
2751.42
13.7401
1.2735
12.9297
3417.92
16.3081
1.32477
13.4301
4171.26
19.0363
1.37603
13.9303
4764.91
21.0896
1.42729
14.4306
5742.1
25.2823
1.47855
14.9309
6788.63
29.6313
1.5298
15.4311
7774.36
34.04
1.58106
15.9313
8723.94
38.1202
1.63231
16.4315
10109
43.8921
1.68356
16.9317
11299.7
48.6586
1.73481
17.4319
12634.5
54.2451
1.78606
17.9321
13996.1
59.8528
1.8373
18.4322
15677.2
66.9487
1.88855
18.9324
17485.9
74.669
1.93979
19.4325
19555.2
83.5467
1.99104
19.9327
21686
91.9428
2.04228
20.4328
23831.9
100.872
2.09352
20.9329
25535.7
108.086
2.14477
21.433
27567.5
117.019
2.19601
21.9331
29289
124.426
2.24725
22.4332
32117.5
136.368
2.29849
22.9333
34152
145.148
2.34973
23.4334
36315
154.504
2.40097
23.9335
39105.5
166.562
2.4522
24.4336
41480.5
176.575
2.50344
24.9337
44304.5
188.393
2.55468
25.4338
46855.7
199.353
2.60592
25.9338
50420.1
214.331
2.65716
26.4339
54033.2
229.698
2.70839
26.934
56954
242.205
2.75963
27.4341
60430.3
256.791
2.81087
27.9341
63764.3
270.849
2.8621
28.4342
66596.1
282.878
2.91334
28.9342
69711.7
296.032
2.96457
29.4343
72441.4
307.588
3.01581
29.9344
75998.4
322.958
3.06704
30.4344
78701.3
334.378
3.11828
30.9345
83003.6
352.556
3.16951
31.4345
86780.9
368.464
3.22075
31.9346
90696.7
384.959
3.27198
32.4346
95199.4
404.042
3.32322
32.9347
99897.6
423.754
3.37445
