#NUM_THREADS
2.000000	0.000000	0.000000	0.119048	
3.000000	0.000000	0.000000	0.178571	
4.000000	0.000000	0.375000	0.238095	
5.000000	0.000000	1.000000	0.297619	
6.000000	0.000000	1.375000	0.357143	
7.000000	0.000000	1.875000	0.416667	
8.000000	0.000000	2.500000	0.476190	
9.000000	0.000000	2.812500	0.535714	
10.000000	0.000000	3.250000	0.595238	
11.000000	0.000000	4.000000	0.654762	
12.000000	0.000000	5.312500	0.714286	
13.000000	0.000000	5.937500	0.773810	
14.000000	0.000000	5.312500	0.833333	
15.000000	0.000000	7.312500	0.892857	
16.000000	0.000000	8.062500	0.952381	
17.000000	0.000000	8.000000	1.011905	
18.000000	0.000000	9.625000	1.071429	
19.000000	0.000000	9.250000	1.130952	
20.000000	19.062500	12.937500	1.190476	
21.000000	202.625000	11.687500	1.250000	
22.000000	784.125000	15.375000	1.309524	
23.000000	2064.750000	20.750000	1.369048	
24.000000	2788.937500	21.625000	1.428571	
25.000000	4772.937500	29.625000	1.488095	
26.000000	5609.937500	32.687500	1.547619	
27.000000	7598.000000	40.437500	1.607143	
28.000000	6103.500000	36.812500	1.666667	
29.000000	13483.625000	59.500000	1.726190	
30.000000	9693.500000	48.875000	1.785714	
31.000000	12786.875000	55.937500	1.845238	
32.000000	20195.125000	83.187500	1.904762	
33.000000	18230.187500	82.875000	1.964286	
34.000000	20279.312500	91.625000	2.023809	
35.000000	33471.250000	154.062500	2.083333	
36.000000	33216.375000	148.062500	2.142857	
37.000000	33582.750000	143.062500	2.202381	
38.000000	44792.562500	183.937500	2.261905	
39.000000	45822.875000	190.437500	2.321429	
40.000000	56167.875000	235.750000	2.380952	
41.000000	59130.187500	253.750000	2.440476	
42.000000	66049.562500	275.312500	2.500000	
43.000000	65895.562500	284.000000	2.559524	
44.000000	70194.000000	303.062500	2.619048	
45.000000	73900.437500	314.437500	2.678571	
46.000000	91365.250000	407.312500	2.738095	
47.000000	104088.812500	453.062500	2.797619	
48.000000	78967.875000	339.187500	2.857143	
49.000000	122756.125000	531.687500	2.916667	
50.000000	123745.937500	540.500000	2.976191	
51.000000	132209.250000	563.875000	3.035714	
52.000000	151196.062500	649.125000	3.095238	
53.000000	160453.875000	691.625000	3.154762	
54.000000	153068.375000	646.750000	3.214286	
55.000000	142766.125000	614.500000	3.273809	
56.000000	163791.812500	714.375000	3.333333	
57.000000	172359.312500	733.250000	3.392857	
58.000000	195811.875000	843.812500	3.452381	
59.000000	197163.875000	847.125000	3.511905	
60.000000	235077.750000	1018.812500	3.571429	
61.000000	225382.500000	986.125000	3.630952	
62.000000	239057.937500	1033.625000	3.690476	
63.000000	268959.750000	1148.187500	3.750000	
64.000000	272971.062500	1161.875000	3.809524	
