#NUM_THREADS
2.000000	0.000000	0.000000	0.031807	
3.000000	0.000000	0.437500	0.047710	
4.000000	0.000000	1.000000	0.063613	
5.000000	0.000000	1.250000	0.079517	
6.000000	0.000000	1.875000	0.095420	
7.000000	0.000000	1.562500	0.111323	
8.000000	0.000000	2.312500	0.127226	
9.000000	0.000000	3.250000	0.143130	
10.000000	0.000000	3.500000	0.159033	
11.000000	0.000000	4.812500	0.174936	
12.000000	0.000000	4.687500	0.190840	
13.000000	0.000000	5.312500	0.206743	
14.000000	0.000000	6.187500	0.222646	
15.000000	0.000000	6.687500	0.238550	
16.000000	0.000000	7.625000	0.254453	
17.000000	0.000000	7.937500	0.270356	
18.000000	0.000000	9.437500	0.286260	
19.000000	0.000000	9.437500	0.302163	
20.000000	0.000000	11.125000	0.318066	
21.000000	0.000000	11.000000	0.333969	
22.000000	0.000000	13.000000	0.349873	
23.000000	0.000000	12.562500	0.365776	
24.000000	0.000000	13.562500	0.381679	
25.000000	0.000000	14.812500	0.397583	
26.000000	0.000000	15.000000	0.413486	
27.000000	0.000000	16.062500	0.429389	
28.000000	0.000000	19.500000	0.445293	
29.000000	0.000000	19.687500	0.461196	
30.000000	0.000000	23.500000	0.477099	
31.000000	0.000000	17.500000	0.493003	
32.000000	0.000000	22.125000	0.508906	
33.000000	0.000000	20.312500	0.524809	
34.000000	0.000000	24.187500	0.540712	
35.000000	0.000000	25.562500	0.556616	
36.000000	0.000000	25.062500	0.572519	
37.000000	0.000000	23.250000	0.588422	
38.000000	0.000000	25.312500	0.604326	
39.000000	0.000000	27.812500	0.620229	
40.000000	0.000000	26.500000	0.636132	
41.000000	0.000000	29.875000	0.652036	
42.000000	0.000000	29.437500	0.667939	
43.000000	0.000000	29.062500	0.683842	
44.000000	0.000000	33.562500	0.699746	
45.000000	0.000000	29.125000	0.715649	
46.000000	0.000000	33.562500	0.731552	
47.000000	0.000000	33.687500	0.747455	
48.000000	0.000000	30.562500	0.763359	
49.000000	0.000000	37.187500	0.779262	
50.000000	0.000000	35.750000	0.795165	
51.000000	0.000000	35.437500	0.811069	
52.000000	0.000000	38.812500	0.826972	
53.000000	0.000000	39.562500	0.842875	
54.000000	0.000000	42.750000	0.858779	
55.000000	0.000000	41.562500	0.874682	
56.000000	0.000000	46.000000	0.890585	
57.000000	0.000000	42.687500	0.906489	
58.000000	0.000000	44.375000	0.922392	
59.000000	0.000000	39.500000	0.938295	
60.000000	0.000000	46.562500	0.954198	
61.000000	0.000000	49.187500	0.970102	
62.000000	0.000000	47.875000	0.986005	
63.000000	0.000000	45.125000	1.001908	
64.000000	0.000000	45.625000	1.017812	
