#NUM_THREADS
2.000000	0.000000	0.125000	0.064767	
3.000000	0.000000	0.125000	0.097150	
4.000000	0.000000	0.125000	0.129534	
5.000000	0.000000	0.625000	0.161917	
6.000000	0.000000	0.812500	0.194301	
7.000000	0.000000	1.250000	0.226684	
8.000000	0.000000	2.375000	0.259067	
9.000000	0.000000	3.187500	0.291451	
10.000000	0.000000	3.812500	0.323834	
11.000000	0.000000	4.437500	0.356218	
12.000000	0.000000	4.500000	0.388601	
13.000000	0.000000	5.562500	0.420984	
14.000000	0.000000	6.875000	0.453368	
15.000000	0.000000	7.812500	0.485751	
16.000000	0.000000	9.062500	0.518135	
17.000000	0.000000	9.625000	0.550518	
18.000000	0.000000	10.500000	0.582902	
19.000000	0.000000	9.562500	0.615285	
20.000000	0.000000	11.875000	0.647668	
21.000000	0.000000	12.812500	0.680052	
22.000000	0.000000	13.750000	0.712435	
23.000000	0.000000	14.500000	0.744819	
24.000000	0.000000	14.437500	0.777202	
25.000000	0.000000	15.625000	0.809586	
26.000000	0.000000	16.250000	0.841969	
27.000000	0.000000	16.812500	0.874352	
28.000000	0.000000	18.375000	0.906736	
29.000000	0.000000	22.812500	0.939119	
30.000000	0.000000	20.812500	0.971503	
31.000000	0.000000	21.750000	1.003886	
32.000000	0.000000	19.937500	1.036269	
33.000000	0.000000	23.500000	1.068653	
34.000000	6.250000	21.062500	1.101036	
35.000000	65.187500	24.437500	1.133420	
36.000000	323.375000	23.687500	1.165803	
37.000000	972.750000	28.625000	1.198187	
38.000000	2051.500000	29.687500	1.230570	
39.000000	2840.562500	34.812500	1.262953	
40.000000	4837.687500	41.437500	1.295337	
41.000000	5755.750000	44.437500	1.327720	
42.000000	7998.687500	53.625000	1.360104	
43.000000	11760.562500	66.625000	1.392487	
44.000000	10448.625000	63.375000	1.424870	
45.000000	16493.625000	85.125000	1.457254	
46.000000	18980.437500	108.437500	1.489637	
47.000000	18452.187500	103.562500	1.522021	
48.000000	22050.125000	112.062500	1.554404	
49.000000	24713.187500	133.937500	1.586788	
50.000000	27761.875000	145.937500	1.619171	
51.000000	33631.625000	167.750000	1.651554	
52.000000	32087.125000	162.562500	1.683938	
53.000000	31238.750000	144.000000	1.716321	
54.000000	42515.937500	200.312500	1.748705	
55.000000	52858.687500	234.750000	1.781088	
56.000000	66968.500000	300.000000	1.813472	
57.000000	61812.562500	264.375000	1.845855	
58.000000	70280.375000	302.500000	1.878238	
59.000000	87510.437500	377.812500	1.910622	
60.000000	83390.000000	373.000000	1.943005	
61.000000	86763.875000	381.000000	1.975389	
62.000000	99006.937500	429.625000	2.007772	
63.000000	100691.062500	449.500000	2.040155	
64.000000	124038.000000	541.687500	2.072539	
