#NUM_THREADS
2.000000	0.000000	0.062500	0.081699	
3.000000	0.000000	0.187500	0.122549	
4.000000	0.000000	0.500000	0.163399	
5.000000	0.000000	0.937500	0.204248	
6.000000	0.000000	0.937500	0.245098	
7.000000	0.000000	1.375000	0.285948	
8.000000	0.000000	2.250000	0.326797	
9.000000	0.000000	2.625000	0.367647	
10.000000	0.000000	3.375000	0.408497	
11.000000	0.000000	4.187500	0.449346	
12.000000	0.000000	4.375000	0.490196	
13.000000	0.000000	5.250000	0.531046	
14.000000	0.000000	6.000000	0.571895	
15.000000	0.000000	6.937500	0.612745	
16.000000	0.000000	7.312500	0.653595	
17.000000	0.000000	8.687500	0.694444	
18.000000	0.000000	9.625000	0.735294	
19.000000	0.000000	9.187500	0.776144	
20.000000	0.000000	11.375000	0.816993	
21.000000	0.000000	11.312500	0.857843	
22.000000	0.000000	13.125000	0.898693	
23.000000	0.000000	14.062500	0.939542	
24.000000	0.000000	14.750000	0.980392	
25.000000	0.000000	15.187500	1.021242	
26.000000	0.000000	15.812500	1.062091	
27.000000	0.000000	18.562500	1.102941	
28.000000	75.062500	18.250000	1.143791	
29.000000	573.437500	17.500000	1.184641	
30.000000	959.000000	24.000000	1.225490	
31.000000	656.000000	20.187500	1.266340	
32.000000	1824.750000	25.812500	1.307190	
33.000000	3289.625000	31.875000	1.348039	
34.000000	6787.937500	46.125000	1.388889	
35.000000	7926.437500	49.687500	1.429739	
36.000000	8683.625000	50.187500	1.470588	
37.000000	9854.750000	60.625000	1.511438	
38.000000	13979.250000	76.187500	1.552288	
39.000000	18894.125000	87.312500	1.593137	
40.000000	19410.062500	89.562500	1.633987	
41.000000	23272.812500	112.937500	1.674837	
42.000000	24957.687500	114.562500	1.715686	
43.000000	29676.687500	135.687500	1.756536	
44.000000	42724.875000	196.437500	1.797386	
45.000000	38026.937500	165.312500	1.838235	
46.000000	44279.687500	200.062500	1.879085	
47.000000	41350.187500	191.187500	1.919935	
48.000000	55277.437500	241.437500	1.960784	
49.000000	58693.250000	258.562500	2.001634	
50.000000	73490.937500	319.937500	2.042484	
51.000000	73810.875000	323.000000	2.083333	
52.000000	85504.937500	366.937500	2.124183	
53.000000	87567.187500	385.187500	2.165033	
54.000000	100989.000000	441.937500	2.205882	
55.000000	104779.000000	448.000000	2.246732	
56.000000	91760.562500	403.750000	2.287582	
57.000000	102675.000000	439.500000	2.328431	
58.000000	124036.187500	539.125000	2.369281	
59.000000	122720.937500	529.250000	2.410131	
60.000000	151329.500000	654.312500	2.450980	
61.000000	159694.375000	680.750000	2.491830	
62.000000	159965.937500	700.625000	2.532680	
63.000000	160731.312500	685.125000	2.573529	
64.000000	162658.000000	703.875000	2.614379	
