#NUM_THREADS
2.000000	0.000000	0.000000	0.037092	
3.000000	0.000000	0.187500	0.055638	
4.000000	0.000000	0.812500	0.074184	
5.000000	0.000000	1.562500	0.092730	
6.000000	0.000000	1.500000	0.111276	
7.000000	0.000000	2.062500	0.129822	
8.000000	0.000000	2.500000	0.148368	
9.000000	0.000000	2.750000	0.166914	
10.000000	0.000000	3.437500	0.185460	
11.000000	0.000000	4.875000	0.204006	
12.000000	0.000000	5.687500	0.222552	
13.000000	0.000000	6.312500	0.241098	
14.000000	0.000000	7.437500	0.259644	
15.000000	0.000000	7.250000	0.278190	
16.000000	0.000000	8.000000	0.296736	
17.000000	0.000000	8.562500	0.315282	
18.000000	0.000000	10.687500	0.333828	
19.000000	0.000000	8.937500	0.352374	
20.000000	0.000000	10.437500	0.370920	
21.000000	0.000000	11.375000	0.389466	
22.000000	0.000000	12.500000	0.408012	
23.000000	0.000000	12.437500	0.426558	
24.000000	0.000000	14.875000	0.445104	
25.000000	0.000000	17.312500	0.463650	
26.000000	0.000000	17.187500	0.482196	
27.000000	0.000000	16.562500	0.500742	
28.000000	0.000000	18.375000	0.519288	
29.000000	0.000000	20.000000	0.537834	
30.000000	0.000000	19.562500	0.556380	
31.000000	0.000000	21.625000	0.574926	
32.000000	0.000000	22.687500	0.593472	
33.000000	0.000000	25.062500	0.612018	
34.000000	0.000000	23.000000	0.630564	
35.000000	0.000000	23.812500	0.649110	
36.000000	0.000000	25.625000	0.667656	
37.000000	0.000000	23.125000	0.686202	
38.000000	0.000000	25.750000	0.704748	
39.000000	0.000000	27.250000	0.723294	
40.000000	0.000000	26.312500	0.741840	
41.000000	0.000000	31.937500	0.760386	
42.000000	0.000000	30.062500	0.778932	
43.000000	0.000000	31.000000	0.797478	
44.000000	0.000000	32.250000	0.816024	
45.000000	0.000000	33.312500	0.834570	
46.000000	0.000000	35.500000	0.853116	
47.000000	0.000000	32.625000	0.871662	
48.000000	0.000000	32.937500	0.890208	
49.000000	0.000000	36.000000	0.908754	
50.000000	0.000000	40.125000	0.927300	
51.000000	0.000000	39.625000	0.945846	
52.000000	0.000000	41.187500	0.964392	
53.000000	0.000000	38.187500	0.982938	
54.000000	0.000000	37.812500	1.001484	
55.000000	0.000000	42.000000	1.020030	
56.000000	0.000000	41.812500	1.038576	
57.000000	0.000000	44.125000	1.057122	
58.000000	0.000000	41.500000	1.075668	
59.000000	64.125000	42.375000	1.094214	
60.000000	1049.562500	50.812500	1.112760	
61.000000	611.125000	50.375000	1.131306	
62.000000	2278.875000	50.812500	1.149852	
63.000000	3525.062500	56.062500	1.168398	
64.000000	3277.000000	56.187500	1.186944	
