#NUM_THREADS
2.000000	0.000000	0.000000	0.026427	
3.000000	0.000000	0.062500	0.039641	
4.000000	0.000000	0.687500	0.052854	
5.000000	0.000000	0.937500	0.066068	
6.000000	0.000000	1.250000	0.079281	
7.000000	0.000000	1.500000	0.092495	
8.000000	0.000000	2.062500	0.105708	
9.000000	0.000000	2.937500	0.118922	
10.000000	0.000000	3.750000	0.132135	
11.000000	0.000000	5.000000	0.145349	
12.000000	0.000000	5.125000	0.158562	
13.000000	0.000000	5.062500	0.171776	
14.000000	0.000000	5.812500	0.184989	
15.000000	0.000000	6.312500	0.198203	
16.000000	0.000000	7.187500	0.211416	
17.000000	0.000000	9.937500	0.224630	
18.000000	0.000000	8.812500	0.237844	
19.000000	0.000000	10.750000	0.251057	
20.000000	0.000000	10.375000	0.264271	
21.000000	0.000000	10.312500	0.277484	
22.000000	0.000000	11.937500	0.290698	
23.000000	0.000000	11.312500	0.303911	
24.000000	0.000000	15.250000	0.317125	
25.000000	0.000000	15.687500	0.330338	
26.000000	0.000000	16.312500	0.343552	
27.000000	0.000000	18.187500	0.356765	
28.000000	0.000000	15.625000	0.369979	
29.000000	0.000000	20.812500	0.383192	
30.000000	0.000000	20.437500	0.396406	
31.000000	0.000000	19.062500	0.409619	
32.000000	0.000000	21.375000	0.422833	
33.000000	0.000000	22.000000	0.436047	
34.000000	0.000000	23.062500	0.449260	
35.000000	0.000000	23.562500	0.462474	
36.000000	0.000000	25.000000	0.475687	
37.000000	0.000000	29.250000	0.488901	
38.000000	0.000000	25.937500	0.502114	
39.000000	0.000000	28.937500	0.515328	
40.000000	0.000000	28.750000	0.528541	
41.000000	0.000000	30.125000	0.541755	
42.000000	0.000000	27.062500	0.554968	
43.000000	0.000000	29.937500	0.568182	
44.000000	0.000000	31.562500	0.581395	
45.000000	0.000000	35.250000	0.594609	
46.000000	0.000000	31.937500	0.607822	
47.000000	0.000000	30.937500	0.621036	
48.000000	0.000000	37.750000	0.634249	
49.000000	0.000000	34.875000	0.647463	
50.000000	0.000000	39.250000	0.660677	
51.000000	0.000000	38.312500	0.673890	
52.000000	0.000000	34.937500	0.687104	
53.000000	0.000000	39.000000	0.700317	
54.000000	0.000000	40.125000	0.713531	
55.000000	0.000000	38.375000	0.726744	
56.000000	0.000000	43.437500	0.739958	
57.000000	0.000000	42.125000	0.753171	
58.000000	0.000000	43.062500	0.766385	
59.000000	0.000000	43.375000	0.779598	
60.000000	0.000000	43.937500	0.792812	
61.000000	0.000000	39.937500	0.806025	
62.000000	0.000000	47.000000	0.819239	
63.000000	0.000000	45.437500	0.832452	
64.000000	0.000000	46.500000	0.845666	
