#NUM_THREADS
1.77778
0
0.222222
0.8547
2.35294
0
0.117647
1.13122
2.88
0.72
0.12
1.38462
3.39394
36.303
0.181818
1.6317
3.90244
78.8537
0.341463
1.87617
4.40816
144.041
0.510204
2.11931
4.91228
372.281
1.22807
2.36167
5.41538
509.646
1.78462
2.60355
5.91781
893.329
3.05479
2.8451
6.41975
1186.95
4.02469
3.08642
6.92135
1643.76
5.5618
3.32757
7.42268
2185.73
7.48454
3.5686
7.92381
2761.72
9.48571
3.80952
8.42478
3550.32
11.9204
4.05037
8.92562
4415.02
14.6116
4.29116
9.42636
5231.84
17.6589
4.5319
9.92701
6144.59
21.0219
4.7726
10.4276
7382.29
25.5172
5.01326
10.9281
8711.48
30.3922
5.2539
11.4286
10266.5
36.4161
5.49451
11.929
11650.4
41.8402
5.73509
12.4294
12650.3
45.7797
5.97566
12.9297
14152.4
52.1297
6.21622
13.4301
15906.2
60.3316
6.45676
13.9303
17418.5
66.8856
6.69728
14.4306
19626.5
76.2823
6.9378
14.9309
21736.4
85.6129
7.17831
15.4311
23762.5
94.5111
7.4188
15.9313
26113.5
104.867
7.65929
16.4315
28176.8
113.959
7.89978
16.9317
30479.8
124.369
8.14025
17.4319
33061.3
135.626
8.38072
17.9321
35800.4
147.513
8.62119
18.4322
38040.6
157.37
8.86165
18.9324
40984.5
170.181
9.10211
19.4325
43895.6
182.626
9.34256
19.9327
47457.6
197.455
9.58301
20.4328
50641.9
210.925
9.82346
20.9329
54202.1
225.914
10.0639
21.433
57757.7
240.863
10.3043
21.9331
61627.7
257.1
10.5448
22.4332
65349.1
272.617
10.7852
22.9333
68799.8
287.261
11.0256
23.4334
72393.3
302.589
11.2661
23.9335
76679.2
321.066
11.5065
24.4336
80038.4
334.962
11.7469
24.9337
84441.7
353.615
11.9873
25.4338
88783.4
372.094
12.2278
25.9338
93265
391.359
12.4682
26.4339
97942.9
411.411
12.7086
26.934
103135
433.418
12.949
27.4341
108012
454.254
13.1894
27.9341
112722
474.061
13.4299
28.4342
117670
494.908
13.6703
28.9342
122634
515.83
13.9107
29.4343
127557
536.528
14.1511
29.9344
132472
557.407
14.3915
30.4344
138040
581.125
14.6319
30.9345
143372
603.782
14.8723
31.4345
148393
624.915
15.1127
31.9346
154407
650.638
15.3532
32.4346
160077
674.843
15.5936
32.9347
166293
701.333
15.834
