#NUM_THREADS
2.000000	0.000000	0.062500	0.051867	
3.000000	0.000000	0.125000	0.077801	
4.000000	0.000000	0.562500	0.103734	
5.000000	0.000000	0.500000	0.129668	
6.000000	0.000000	1.562500	0.155602	
7.000000	0.000000	2.000000	0.181535	
8.000000	0.000000	2.500000	0.207469	
9.000000	0.000000	3.187500	0.233402	
10.000000	0.000000	3.750000	0.259336	
11.000000	0.000000	4.187500	0.285270	
12.000000	0.000000	4.812500	0.311203	
13.000000	0.000000	5.625000	0.337137	
14.000000	0.000000	6.875000	0.363071	
15.000000	0.000000	7.437500	0.389004	
16.000000	0.000000	7.687500	0.414938	
17.000000	0.000000	8.875000	0.440871	
18.000000	0.000000	9.062500	0.466805	
19.000000	0.000000	11.125000	0.492739	
20.000000	0.000000	11.375000	0.518672	
21.000000	0.000000	11.625000	0.544606	
22.000000	0.000000	12.500000	0.570539	
23.000000	0.000000	14.687500	0.596473	
24.000000	0.000000	14.562500	0.622407	
25.000000	0.000000	15.125000	0.648340	
26.000000	0.000000	16.750000	0.674274	
27.000000	0.000000	15.375000	0.700207	
28.000000	0.000000	18.250000	0.726141	
29.000000	0.000000	19.750000	0.752075	
30.000000	0.000000	21.312500	0.778008	
31.000000	0.000000	17.812500	0.803942	
32.000000	0.000000	19.125000	0.829876	
33.000000	0.000000	22.562500	0.855809	
34.000000	0.000000	21.250000	0.881743	
35.000000	0.000000	24.812500	0.907676	
36.000000	0.000000	23.812500	0.933610	
37.000000	0.000000	25.812500	0.959544	
38.000000	0.000000	30.500000	0.985477	
39.000000	0.000000	28.625000	1.011411	
40.000000	0.000000	28.750000	1.037344	
41.000000	0.000000	28.500000	1.063278	
42.000000	0.000000	29.937500	1.089212	
43.000000	30.437500	31.125000	1.115145	
44.000000	185.875000	32.375000	1.141079	
45.000000	747.500000	33.562500	1.167012	
46.000000	1889.375000	39.375000	1.192946	
47.000000	3240.562500	41.500000	1.218880	
48.000000	3083.437500	41.250000	1.244813	
49.000000	5985.437500	56.625000	1.270747	
50.000000	7529.625000	59.250000	1.296680	
51.000000	7649.187500	60.750000	1.322614	
52.000000	15568.000000	90.875000	1.348548	
53.000000	13216.062500	86.125000	1.374481	
54.000000	19367.812500	102.937500	1.400415	
55.000000	21416.875000	114.437500	1.426349	
56.000000	23839.312500	124.437500	1.452282	
57.000000	23493.437500	115.625000	1.478216	
58.000000	27068.500000	147.375000	1.504149	
59.000000	33285.937500	165.375000	1.530083	
60.000000	32982.062500	160.500000	1.556017	
61.000000	46967.250000	221.500000	1.581950	
62.000000	52875.437500	248.562500	1.607884	
63.000000	51396.937500	237.875000	1.633817	
64.000000	64036.062500	291.750000	1.659751	
