#NUM_THREADS
2.000000	0.000000	0.000000	0.128866	
3.000000	0.000000	0.062500	0.193299	
4.000000	0.000000	0.375000	0.257732	
5.000000	0.000000	0.500000	0.322165	
6.000000	0.000000	1.437500	0.386598	
7.000000	0.000000	2.062500	0.451031	
8.000000	0.000000	2.437500	0.515464	
9.000000	0.000000	2.687500	0.579897	
10.000000	0.000000	3.625000	0.644330	
11.000000	0.000000	4.187500	0.708763	
12.000000	0.000000	4.375000	0.773196	
13.000000	0.000000	5.500000	0.837629	
14.000000	0.000000	5.875000	0.902062	
15.000000	0.000000	8.375000	0.966495	
16.000000	0.000000	7.500000	1.030928	
17.000000	0.000000	8.750000	1.095361	
18.000000	0.000000	9.000000	1.159794	
19.000000	89.937500	10.687500	1.224227	
20.000000	390.875000	11.125000	1.288660	
21.000000	796.250000	12.875000	1.353093	
22.000000	1827.375000	16.750000	1.417526	
23.000000	2482.437500	19.062500	1.481959	
24.000000	3607.000000	22.312500	1.546392	
25.000000	7523.625000	42.375000	1.610825	
26.000000	9563.437500	45.500000	1.675258	
27.000000	10359.125000	47.750000	1.739691	
28.000000	10742.750000	47.937500	1.804124	
29.000000	17843.437500	81.250000	1.868557	
30.000000	21009.625000	88.312500	1.932990	
31.000000	21389.000000	87.250000	1.997423	
32.000000	22650.312500	99.062500	2.061856	
33.000000	27553.000000	121.812500	2.126289	
34.000000	29648.750000	127.312500	2.190722	
35.000000	31642.437500	127.937500	2.255155	
36.000000	46288.875000	207.937500	2.319588	
37.000000	35660.875000	151.437500	2.384021	
38.000000	50863.812500	224.812500	2.448454	
39.000000	46036.250000	200.875000	2.512887	
40.000000	72335.500000	299.187500	2.577320	
41.000000	72995.500000	298.875000	2.641752	
42.000000	76570.687500	320.500000	2.706186	
43.000000	84535.375000	359.250000	2.770618	
44.000000	89457.750000	387.312500	2.835052	
45.000000	90014.687500	386.312500	2.899485	
46.000000	84624.625000	351.625000	2.963917	
47.000000	118081.750000	500.562500	3.028351	
48.000000	125004.937500	532.250000	3.092783	
49.000000	123780.500000	529.937500	3.157217	
50.000000	117162.500000	500.750000	3.221649	
51.000000	137779.250000	580.187500	3.286083	
52.000000	152852.000000	653.437500	3.350515	
53.000000	136808.062500	582.312500	3.414948	
54.000000	161053.625000	692.500000	3.479382	
55.000000	187127.562500	804.437500	3.543814	
56.000000	177769.750000	766.562500	3.608248	
57.000000	177649.687500	767.500000	3.672680	
58.000000	194295.562500	834.125000	3.737113	
59.000000	231342.000000	996.312500	3.801546	
60.000000	232589.687500	974.562500	3.865979	
61.000000	233047.937500	1003.000000	3.930412	
62.000000	259363.125000	1110.250000	3.994845	
63.000000	261923.187500	1112.875000	4.059278	
64.000000	300089.250000	1293.312500	4.123711	
