#NUM_THREADS
2.000000	0.000000	0.125000	0.032468	
3.000000	0.000000	0.000000	0.048701	
4.000000	0.000000	0.750000	0.064935	
5.000000	0.000000	1.312500	0.081169	
6.000000	0.000000	1.625000	0.097403	
7.000000	0.000000	2.500000	0.113636	
8.000000	0.000000	2.000000	0.129870	
9.000000	0.000000	3.125000	0.146104	
10.000000	0.000000	3.062500	0.162338	
11.000000	0.000000	4.187500	0.178571	
12.000000	0.000000	5.375000	0.194805	
13.000000	0.000000	5.312500	0.211039	
14.000000	0.000000	6.312500	0.227273	
15.000000	0.000000	7.250000	0.243506	
16.000000	0.000000	8.812500	0.259740	
17.000000	0.000000	7.187500	0.275974	
18.000000	0.000000	10.000000	0.292208	
19.000000	0.000000	7.750000	0.308442	
20.000000	0.000000	10.875000	0.324675	
21.000000	0.000000	12.437500	0.340909	
22.000000	0.000000	12.312500	0.357143	
23.000000	0.000000	13.250000	0.373377	
24.000000	0.000000	14.062500	0.389610	
25.000000	0.000000	13.812500	0.405844	
26.000000	0.000000	17.687500	0.422078	
27.000000	0.000000	18.000000	0.438312	
28.000000	0.000000	18.750000	0.454545	
29.000000	0.000000	19.125000	0.470779	
30.000000	0.000000	20.687500	0.487013	
31.000000	0.000000	21.625000	0.503247	
32.000000	0.000000	22.437500	0.519481	
33.000000	0.000000	19.000000	0.535714	
34.000000	0.000000	23.187500	0.551948	
35.000000	0.000000	22.500000	0.568182	
36.000000	0.000000	26.437500	0.584416	
37.000000	0.000000	24.500000	0.600649	
38.000000	0.000000	26.125000	0.616883	
39.000000	0.000000	22.812500	0.633117	
40.000000	0.000000	28.687500	0.649351	
41.000000	0.000000	26.062500	0.665584	
42.000000	0.000000	31.125000	0.681818	
43.000000	0.000000	30.500000	0.698052	
44.000000	0.000000	31.625000	0.714286	
45.000000	0.000000	33.562500	0.730519	
46.000000	0.000000	31.437500	0.746753	
47.000000	0.000000	34.687500	0.762987	
48.000000	0.000000	36.812500	0.779221	
49.000000	0.000000	37.000000	0.795455	
50.000000	0.000000	34.812500	0.811688	
51.000000	0.000000	38.437500	0.827922	
52.000000	0.000000	39.937500	0.844156	
53.000000	0.000000	38.000000	0.860390	
54.000000	0.000000	39.875000	0.876623	
55.000000	0.000000	37.375000	0.892857	
56.000000	0.000000	40.437500	0.909091	
57.000000	0.000000	40.562500	0.925325	
58.000000	0.000000	41.062500	0.941558	
59.000000	0.000000	44.000000	0.957792	
60.000000	0.000000	46.062500	0.974026	
61.000000	0.000000	47.562500	0.990260	
62.000000	0.000000	48.250000	1.006493	
63.000000	0.000000	49.000000	1.022727	
64.000000	0.000000	47.625000	1.038961	
