#NUM_THREADS
2.000000	0.000000	0.000000	0.171233	
3.000000	0.000000	0.000000	0.256849	
4.000000	0.000000	0.937500	0.342466	
5.000000	0.000000	1.250000	0.428082	
6.000000	0.000000	1.625000	0.513699	
7.000000	0.000000	2.000000	0.599315	
8.000000	0.000000	2.562500	0.684932	
9.000000	0.000000	3.000000	0.770548	
10.000000	0.000000	3.812500	0.856164	
11.000000	0.000000	3.937500	0.941781	
12.000000	0.000000	4.875000	1.027397	
13.000000	0.000000	6.500000	1.113014	
14.000000	10.250000	5.812500	1.198630	
15.000000	161.750000	6.937500	1.284247	
16.000000	455.875000	7.812500	1.369863	
17.000000	1172.500000	10.937500	1.455480	
18.000000	1862.687500	13.500000	1.541096	
19.000000	2052.312500	14.062500	1.626712	
20.000000	4297.500000	22.062500	1.712329	
21.000000	5659.812500	28.562500	1.797945	
22.000000	6213.750000	27.312500	1.883562	
23.000000	11169.312500	45.937500	1.969178	
24.000000	10179.687500	41.375000	2.054795	
25.000000	16246.250000	66.687500	2.140411	
26.000000	18669.500000	76.250000	2.226027	
27.000000	22925.875000	89.562500	2.311644	
28.000000	24587.125000	94.312500	2.397260	
29.000000	24802.625000	100.125000	2.482877	
30.000000	29261.812500	125.062500	2.568493	
31.000000	22372.750000	92.812500	2.654109	
32.000000	41372.250000	170.812500	2.739726	
33.000000	44241.312500	183.750000	2.825342	
34.000000	49908.687500	197.812500	2.910959	
35.000000	50114.250000	211.812500	2.996575	
36.000000	64094.812500	266.750000	3.082192	
37.000000	61616.937500	265.125000	3.167808	
38.000000	50432.687500	207.250000	3.253425	
39.000000	74906.750000	315.437500	3.339041	
40.000000	91786.125000	391.437500	3.424658	
41.000000	90008.500000	387.375000	3.510274	
42.000000	88069.375000	369.937500	3.595891	
43.000000	110555.500000	478.875000	3.681507	
44.000000	104070.687500	444.062500	3.767123	
45.000000	122191.562500	525.625000	3.852740	
46.000000	116736.187500	503.250000	3.938356	
47.000000	151059.812500	639.937500	4.023973	
48.000000	163352.125000	691.875000	4.109589	
49.000000	153702.687500	663.062500	4.195206	
50.000000	156170.625000	661.062500	4.280822	
51.000000	175654.125000	752.937500	4.366438	
52.000000	164971.875000	713.375000	4.452055	
53.000000	206290.375000	875.812500	4.537671	
54.000000	198164.000000	841.562500	4.623288	
55.000000	209286.187500	887.437500	4.708904	
56.000000	230329.812500	985.000000	4.794520	
57.000000	263773.375000	1128.000000	4.880137	
58.000000	246965.937500	1066.687500	4.965754	
59.000000	277530.312500	1183.812500	5.051370	
60.000000	305958.937500	1305.312500	5.136986	
61.000000	289810.437500	1242.125000	5.222603	
62.000000	306474.812500	1306.812500	5.308219	
63.000000	309994.562500	1329.000000	5.393836	
64.000000	328102.000000	1396.000000	5.479452	
