#NUM_THREADS
2.000000	0.000000	0.000000	0.735294	
3.000000	0.000000	0.062500	1.102941	
4.000000	0.000000	0.812500	1.470588	
5.000000	74.062500	1.250000	1.838235	
6.000000	239.312500	1.687500	2.205882	
7.000000	505.812500	2.875000	2.573529	
8.000000	1090.937500	4.312500	2.941176	
9.000000	1775.687500	7.125000	3.308824	
10.000000	3220.750000	10.625000	3.676471	
11.000000	3255.562500	9.250000	4.044117	
12.000000	6029.000000	18.937500	4.411765	
13.000000	5633.562500	16.125000	4.779412	
14.000000	8696.125000	28.250000	5.147059	
15.000000	11934.562500	39.437500	5.514706	
16.000000	16072.250000	51.500000	5.882353	
17.000000	15681.687500	52.187500	6.250000	
18.000000	18275.000000	61.500000	6.617647	
19.000000	22163.562500	78.125000	6.985294	
20.000000	28089.062500	96.125000	7.352941	
21.000000	30504.375000	114.187500	7.720588	
22.000000	36835.875000	137.500000	8.088235	
23.000000	36805.750000	142.062500	8.455882	
24.000000	51349.625000	205.437500	8.823529	
25.000000	49985.437500	206.750000	9.191176	
26.000000	58923.875000	245.062500	9.558824	
27.000000	70266.500000	297.000000	9.926471	
28.000000	68148.562500	293.562500	10.294118	
29.000000	76323.187500	330.312500	10.661765	
30.000000	87843.375000	379.437500	11.029411	
31.000000	99022.250000	427.375000	11.397058	
32.000000	104102.937500	456.437500	11.764706	
33.000000	96209.500000	419.687500	12.132353	
34.000000	115451.750000	491.750000	12.500000	
35.000000	123875.437500	531.937500	12.867647	
36.000000	135660.312500	578.250000	13.235294	
37.000000	143659.125000	615.750000	13.602942	
38.000000	154492.187500	666.500000	13.970589	
39.000000	169251.562500	723.562500	14.338235	
40.000000	165949.562500	715.750000	14.705882	
41.000000	176194.750000	752.187500	15.073529	
42.000000	206635.437500	870.937500	15.441176	
43.000000	214339.750000	908.750000	15.808824	
44.000000	222504.500000	945.687500	16.176470	
45.000000	222528.812500	951.750000	16.544117	
46.000000	240103.750000	1024.625000	16.911764	
47.000000	248864.312500	1061.125000	17.279411	
48.000000	255139.562500	1086.250000	17.647058	
49.000000	276287.875000	1186.375000	18.014706	
50.000000	296792.250000	1256.125000	18.382353	
51.000000	314953.250000	1332.312500	18.750000	
52.000000	314710.125000	1339.812500	19.117647	
53.000000	337095.875000	1433.375000	19.485294	
54.000000	366767.312500	1552.000000	19.852942	
55.000000	379689.687500	1604.687500	20.220589	
56.000000	377635.062500	1595.187500	20.588236	
57.000000	390966.437500	1656.500000	20.955883	
58.000000	405181.125000	1712.562500	21.323530	
59.000000	416795.687500	1759.312500	21.691177	
60.000000	394894.562500	1678.687500	22.058823	
61.000000	481542.687500	2023.625000	22.426470	
62.000000	454537.500000	1937.125000	22.794117	
63.000000	491368.187500	2082.000000	23.161764	
64.000000	523520.625000	2202.437500	23.529411	
