#NUM_THREADS
2.000000	0.000000	0.062500	0.025988	
3.000000	0.000000	0.062500	0.038981	
4.000000	0.000000	0.875000	0.051975	
5.000000	0.000000	1.000000	0.064969	
6.000000	0.000000	1.750000	0.077963	
7.000000	0.000000	1.875000	0.090956	
8.000000	0.000000	1.937500	0.103950	
9.000000	0.000000	2.812500	0.116944	
10.000000	0.000000	3.437500	0.129938	
11.000000	0.000000	4.312500	0.142931	
12.000000	0.000000	4.375000	0.155925	
13.000000	0.000000	5.500000	0.168919	
14.000000	0.000000	5.562500	0.181913	
15.000000	0.000000	7.687500	0.194906	
16.000000	0.000000	7.937500	0.207900	
17.000000	0.000000	7.875000	0.220894	
18.000000	0.000000	9.125000	0.233888	
19.000000	0.000000	9.687500	0.246881	
20.000000	0.000000	9.375000	0.259875	
21.000000	0.000000	13.250000	0.272869	
22.000000	0.000000	12.812500	0.285863	
23.000000	0.000000	12.250000	0.298857	
24.000000	0.000000	14.437500	0.311850	
25.000000	0.000000	14.375000	0.324844	
26.000000	0.000000	17.812500	0.337838	
27.000000	0.000000	16.437500	0.350832	
28.000000	0.000000	15.312500	0.363825	
29.000000	0.000000	16.125000	0.376819	
30.000000	0.000000	16.875000	0.389813	
31.000000	0.000000	18.812500	0.402807	
32.000000	0.000000	19.625000	0.415800	
33.000000	0.000000	23.562500	0.428794	
34.000000	0.000000	23.937500	0.441788	
35.000000	0.000000	22.437500	0.454782	
36.000000	0.000000	26.562500	0.467775	
37.000000	0.000000	25.562500	0.480769	
38.000000	0.000000	26.312500	0.493763	
39.000000	0.000000	25.687500	0.506757	
40.000000	0.000000	28.187500	0.519751	
41.000000	0.000000	30.750000	0.532744	
42.000000	0.000000	28.687500	0.545738	
43.000000	0.000000	30.375000	0.558732	
44.000000	0.000000	35.562500	0.571726	
45.000000	0.000000	31.250000	0.584719	
46.000000	0.000000	33.375000	0.597713	
47.000000	0.000000	34.375000	0.610707	
48.000000	0.000000	32.062500	0.623701	
49.000000	0.000000	36.687500	0.636694	
50.000000	0.000000	35.500000	0.649688	
51.000000	0.000000	39.437500	0.662682	
52.000000	0.000000	37.750000	0.675676	
53.000000	0.000000	37.750000	0.688669	
54.000000	0.000000	40.687500	0.701663	
55.000000	0.000000	42.062500	0.714657	
56.000000	0.000000	39.250000	0.727651	
57.000000	0.000000	44.062500	0.740645	
58.000000	0.000000	42.750000	0.753638	
59.000000	0.000000	43.500000	0.766632	
60.000000	0.000000	45.812500	0.779626	
61.000000	0.000000	46.812500	0.792620	
62.000000	0.000000	43.875000	0.805613	
63.000000	0.000000	46.125000	0.818607	
64.000000	0.000000	49.562500	0.831601	
