#NUM_THREADS
2.000000	0.000000	0.000000	0.027352	
3.000000	0.000000	0.750000	0.041028	
4.000000	0.000000	0.750000	0.054705	
5.000000	0.000000	1.250000	0.068381	
6.000000	0.000000	1.562500	0.082057	
7.000000	0.000000	2.125000	0.095733	
8.000000	0.000000	2.687500	0.109409	
9.000000	0.000000	3.375000	0.123085	
10.000000	0.000000	4.312500	0.136761	
11.000000	0.000000	4.812500	0.150438	
12.000000	0.000000	4.687500	0.164114	
13.000000	0.000000	6.312500	0.177790	
14.000000	0.000000	7.875000	0.191466	
15.000000	0.000000	6.687500	0.205142	
16.000000	0.000000	8.187500	0.218818	
17.000000	0.000000	10.312500	0.232495	
18.000000	0.000000	9.437500	0.246171	
19.000000	0.000000	10.375000	0.259847	
20.000000	0.000000	12.687500	0.273523	
21.000000	0.000000	11.687500	0.287199	
22.000000	0.000000	14.187500	0.300875	
23.000000	0.000000	11.937500	0.314551	
24.000000	0.000000	16.187500	0.328228	
25.000000	0.000000	14.500000	0.341904	
26.000000	0.000000	16.000000	0.355580	
27.000000	0.000000	17.375000	0.369256	
28.000000	0.000000	16.687500	0.382932	
29.000000	0.000000	20.375000	0.396608	
30.000000	0.000000	18.812500	0.410284	
31.000000	0.000000	22.375000	0.423961	
32.000000	0.000000	20.750000	0.437637	
33.000000	0.000000	22.375000	0.451313	
34.000000	0.000000	24.187500	0.464989	
35.000000	0.000000	22.750000	0.478665	
36.000000	0.000000	27.250000	0.492341	
37.000000	0.000000	26.000000	0.506018	
38.000000	0.000000	24.875000	0.519694	
39.000000	0.000000	28.000000	0.533370	
40.000000	0.000000	26.500000	0.547046	
41.000000	0.000000	28.562500	0.560722	
42.000000	0.000000	31.062500	0.574398	
43.000000	0.000000	28.062500	0.588074	
44.000000	0.000000	31.750000	0.601751	
45.000000	0.000000	33.187500	0.615427	
46.000000	0.000000	30.562500	0.629103	
47.000000	0.000000	32.812500	0.642779	
48.000000	0.000000	36.812500	0.656455	
49.000000	0.000000	33.562500	0.670131	
50.000000	0.000000	36.937500	0.683807	
51.000000	0.000000	36.125000	0.697484	
52.000000	0.000000	37.750000	0.711160	
53.000000	0.000000	39.375000	0.724836	
54.000000	0.000000	40.187500	0.738512	
55.000000	0.000000	39.250000	0.752188	
56.000000	0.000000	38.250000	0.765864	
57.000000	0.000000	40.250000	0.779540	
58.000000	0.000000	43.437500	0.793217	
59.000000	0.000000	40.937500	0.806893	
60.000000	0.000000	45.250000	0.820569	
61.000000	0.000000	43.937500	0.834245	
62.000000	0.000000	45.687500	0.847921	
63.000000	0.000000	46.062500	0.861597	
64.000000	0.000000	45.625000	0.875274	
