#NUM_THREADS
2.000000	0.000000	0.000000	0.055556	
3.000000	0.000000	0.125000	0.083333	
4.000000	0.000000	0.000000	0.111111	
5.000000	0.000000	0.875000	0.138889	
6.000000	0.000000	1.125000	0.166667	
7.000000	0.000000	2.000000	0.194444	
8.000000	0.000000	2.500000	0.222222	
9.000000	0.000000	3.062500	0.250000	
10.000000	0.000000	3.375000	0.277778	
11.000000	0.000000	4.125000	0.305556	
12.000000	0.000000	5.500000	0.333333	
13.000000	0.000000	5.937500	0.361111	
14.000000	0.000000	6.500000	0.388889	
15.000000	0.000000	8.437500	0.416667	
16.000000	0.000000	8.000000	0.444444	
17.000000	0.000000	8.187500	0.472222	
18.000000	0.000000	10.250000	0.500000	
19.000000	0.000000	11.187500	0.527778	
20.000000	0.000000	10.187500	0.555556	
21.000000	0.000000	12.250000	0.583333	
22.000000	0.000000	14.187500	0.611111	
23.000000	0.000000	11.625000	0.638889	
24.000000	0.000000	12.875000	0.666667	
25.000000	0.000000	13.625000	0.694444	
26.000000	0.000000	17.125000	0.722222	
27.000000	0.000000	17.500000	0.750000	
28.000000	0.000000	19.000000	0.777778	
29.000000	0.000000	18.812500	0.805556	
30.000000	0.000000	18.750000	0.833333	
31.000000	0.000000	21.500000	0.861111	
32.000000	0.000000	22.375000	0.888889	
33.000000	0.000000	20.437500	0.916667	
34.000000	0.000000	24.000000	0.944444	
35.000000	0.000000	24.750000	0.972222	
36.000000	0.000000	26.250000	1.000000	
37.000000	0.000000	22.687500	1.027778	
38.000000	0.000000	26.375000	1.055556	
39.000000	0.000000	23.875000	1.083333	
40.000000	13.687500	29.625000	1.111111	
41.000000	58.437500	26.812500	1.138889	
42.000000	960.750000	33.875000	1.166667	
43.000000	1525.687500	36.187500	1.194444	
44.000000	2597.500000	37.437500	1.222222	
45.000000	4075.312500	46.812500	1.250000	
46.000000	4928.812500	49.937500	1.277778	
47.000000	5390.687500	49.250000	1.305556	
48.000000	10073.937500	73.000000	1.333333	
49.000000	14679.000000	85.312500	1.361111	
50.000000	15810.375000	97.687500	1.388889	
51.000000	15203.000000	87.562500	1.416667	
52.000000	14988.625000	86.500000	1.444444	
53.000000	24197.312500	126.937500	1.472222	
54.000000	22640.375000	115.687500	1.500000	
55.000000	23047.750000	124.312500	1.527778	
56.000000	34661.812500	169.562500	1.555556	
57.000000	36022.750000	173.937500	1.583333	
58.000000	37589.687500	184.750000	1.611111	
59.000000	54573.375000	243.562500	1.638889	
60.000000	62454.187500	280.437500	1.666667	
61.000000	62013.000000	275.062500	1.694444	
62.000000	69101.000000	307.062500	1.722222	
63.000000	76553.375000	344.687500	1.750000	
64.000000	73776.687500	329.437500	1.777778	
