#NUM_THREADS
2.000000	0.000000	0.062500	0.103306	
3.000000	0.000000	0.000000	0.154959	
4.000000	0.000000	0.062500	0.206612	
5.000000	0.000000	0.875000	0.258264	
6.000000	0.000000	1.437500	0.309917	
7.000000	0.000000	1.687500	0.361570	
8.000000	0.000000	2.500000	0.413223	
9.000000	0.000000	3.062500	0.464876	
10.000000	0.000000	3.187500	0.516529	
11.000000	0.000000	4.125000	0.568182	
12.000000	0.000000	4.625000	0.619835	
13.000000	0.000000	6.250000	0.671488	
14.000000	0.000000	6.062500	0.723140	
15.000000	0.000000	7.625000	0.774793	
16.000000	0.000000	7.500000	0.826446	
17.000000	0.000000	9.750000	0.878099	
18.000000	0.000000	9.687500	0.929752	
19.000000	0.000000	9.562500	0.981405	
20.000000	0.000000	10.437500	1.033058	
21.000000	0.000000	13.125000	1.084711	
22.000000	0.750000	13.812500	1.136364	
23.000000	114.812500	14.375000	1.188017	
24.000000	766.625000	18.312500	1.239669	
25.000000	1347.500000	19.500000	1.291322	
26.000000	2021.687500	23.125000	1.342975	
27.000000	3552.937500	27.312500	1.394628	
28.000000	4625.562500	30.562500	1.446281	
29.000000	5729.500000	35.375000	1.497934	
30.000000	5524.187500	37.562500	1.549587	
31.000000	10439.375000	54.812500	1.601240	
32.000000	10912.500000	57.125000	1.652893	
33.000000	15162.437500	72.625000	1.704545	
34.000000	14147.812500	67.437500	1.756198	
35.000000	18320.500000	86.687500	1.807851	
36.000000	21948.062500	96.937500	1.859504	
37.000000	23472.687500	114.500000	1.911157	
38.000000	29629.875000	130.812500	1.962810	
39.000000	29458.562500	126.375000	2.014463	
40.000000	43033.312500	187.375000	2.066116	
41.000000	38305.062500	170.437500	2.117769	
42.000000	52351.125000	231.000000	2.169421	
43.000000	46752.062500	205.000000	2.221074	
44.000000	65925.125000	285.562500	2.272727	
45.000000	66569.562500	288.437500	2.324380	
46.000000	64750.187500	275.687500	2.376033	
47.000000	84824.375000	359.187500	2.427686	
48.000000	73513.687500	316.312500	2.479339	
49.000000	88666.125000	376.625000	2.530992	
50.000000	96776.937500	412.250000	2.582645	
51.000000	107367.500000	455.750000	2.634298	
52.000000	127316.125000	543.562500	2.685951	
53.000000	136583.750000	589.437500	2.737603	
54.000000	142550.062500	608.812500	2.789256	
55.000000	149311.000000	637.375000	2.840909	
56.000000	160577.312500	692.812500	2.892562	
57.000000	155180.125000	658.062500	2.944215	
58.000000	175590.500000	758.937500	2.995868	
59.000000	160733.500000	684.562500	3.047521	
60.000000	184478.062500	793.500000	3.099174	
61.000000	214085.812500	922.500000	3.150826	
62.000000	217859.562500	943.812500	3.202479	
63.000000	233418.562500	995.937500	3.254132	
64.000000	249405.437500	1068.437500	3.305785	
