#NUM_THREADS
1.77778
0
0
0.383141
2.35294
0
0
0.507099
2.88
0
0.08
0.62069
3.39394
0
0.181818
0.731452
3.90244
0
0.439024
0.841043
4.40816
0.285714
0.714286
0.950035
4.91228
34.2632
1.03509
1.05868
5.41538
80.2615
1.30769
1.16711
5.91781
190.521
1.83562
1.27539
6.41975
374.568
2.55556
1.38357
6.92135
637.483
3.53933
1.49167
7.42268
952.433
4.4433
1.59972
7.92381
1392.15
5.7619
1.70772
8.42478
1897.58
7.38053
1.81569
8.92562
2394.31
9.02479
1.92362
9.42636
3069.99
11.4496
2.03154
9.92701
3469.84
12.9489
2.13944
10.4276
4260.37
15.7379
2.24732
10.9281
4798.1
17.902
2.35519
11.4286
5837.51
21.4037
2.46305
11.929
6805.54
25.0296
2.5709
12.4294
8155.98
30.1695
2.67875
12.9297
9087.81
34.1892
2.78658
13.4301
10319
39.1347
2.89441
13.9303
11717.8
44.9353
3.00223
14.4306
13415.4
52.5072
3.11005
14.9309
14824.9
58.3364
3.21786
15.4311
16574.1
65.5422
3.32567
15.9313
18286.9
72.9657
3.43348
16.4315
20090.7
80.9046
3.54128
16.9317
21630.9
87.3012
3.64908
17.4319
24252.7
99.0195
3.75688
17.9321
26180.7
108.019
3.86467
18.4322
28989.7
119.817
3.97246
18.9324
31394.6
129.986
4.08026
19.4325
33912.8
140.28
4.18804
19.9327
36846.7
153.047
4.29583
20.4328
39853.9
166.315
4.40362
20.9329
42009.8
175.875
4.5114
21.433
44975.2
188.701
4.61919
21.9331
47814.6
201.231
4.72697
22.4332
51049.6
214.938
4.83475
22.9333
54413.9
229.27
4.94253
23.4334
57831.8
244.02
5.05031
23.9335
61489.8
260.011
5.15809
24.4336
64248.7
271.873
5.26586
24.9337
68355.3
289.427
5.37364
25.4338
71703.1
303.364
5.48142
25.9338
75487.7
319.524
5.58919
26.4339
79521.2
336.671
5.69696
26.934
83835.4
354.724
5.80474
27.4341
87387.1
369.875
5.91251
27.9341
91430.9
387.388
6.02028
28.4342
94937
401.829
6.12806
28.9342
99275.1
420.132
6.23583
29.4343
103136
436.641
6.3436
29.9344
107259
454.037
6.45137
30.4344
112282
475.237
6.55914
30.9345
117357
496.702
6.66691
31.4345
121731
515.362
6.77468
31.9346
126866
537.245
6.88245
32.4346
132377
560.799
6.99022
32.9347
137630
583.319
7.09799
