#NUM_THREADS
2.000000	0.000000	0.000000	0.053648	
3.000000	0.000000	0.000000	0.080472	
4.000000	0.000000	0.000000	0.107296	
5.000000	0.000000	1.187500	0.134120	
6.000000	0.000000	1.875000	0.160944	
7.000000	0.000000	1.937500	0.187768	
8.000000	0.000000	2.437500	0.214592	
9.000000	0.000000	2.875000	0.241416	
10.000000	0.000000	3.875000	0.268240	
11.000000	0.000000	4.187500	0.295064	
12.000000	0.000000	4.937500	0.321888	
13.000000	0.000000	6.000000	0.348712	
14.000000	0.000000	6.562500	0.375536	
15.000000	0.000000	7.625000	0.402361	
16.000000	0.000000	8.500000	0.429185	
17.000000	0.000000	8.687500	0.456009	
18.000000	0.000000	9.062500	0.482833	
19.000000	0.000000	10.312500	0.509657	
20.000000	0.000000	13.625000	0.536481	
21.000000	0.000000	12.437500	0.563305	
22.000000	0.000000	15.312500	0.590129	
23.000000	0.000000	15.312500	0.616953	
24.000000	0.000000	15.125000	0.643777	
25.000000	0.000000	16.937500	0.670601	
26.000000	0.000000	16.062500	0.697425	
27.000000	0.000000	16.437500	0.724249	
28.000000	0.000000	19.062500	0.751073	
29.000000	0.000000	19.062500	0.777897	
30.000000	0.000000	17.500000	0.804721	
31.000000	0.000000	21.250000	0.831545	
32.000000	0.000000	20.375000	0.858369	
33.000000	0.000000	24.750000	0.885193	
34.000000	0.000000	25.812500	0.912017	
35.000000	0.000000	22.750000	0.938841	
36.000000	0.000000	23.187500	0.965665	
37.000000	0.000000	25.500000	0.992489	
38.000000	0.000000	27.000000	1.019313	
39.000000	0.000000	26.250000	1.046137	
40.000000	6.125000	27.812500	1.072961	
41.000000	17.500000	27.687500	1.099785	
42.000000	147.375000	30.937500	1.126609	
43.000000	411.000000	31.312500	1.153433	
44.000000	1339.500000	34.000000	1.180258	
45.000000	2435.375000	36.875000	1.207082	
46.000000	3104.812500	42.000000	1.233906	
47.000000	4620.437500	47.375000	1.260730	
48.000000	6471.687500	53.687500	1.287554	
49.000000	6781.187500	55.937500	1.314378	
50.000000	8099.937500	58.687500	1.341202	
51.000000	14160.312500	84.937500	1.368026	
52.000000	16515.250000	101.062500	1.394850	
53.000000	21440.312500	117.875000	1.421674	
54.000000	16305.062500	92.562500	1.448498	
55.000000	19652.375000	109.812500	1.475322	
56.000000	27515.875000	141.812500	1.502146	
57.000000	37032.062500	185.000000	1.528970	
58.000000	36469.062500	175.937500	1.555794	
59.000000	42600.437500	204.625000	1.582618	
60.000000	40739.500000	195.437500	1.609442	
61.000000	50625.437500	230.875000	1.636266	
62.000000	69000.062500	316.562500	1.663090	
63.000000	65444.812500	290.937500	1.689914	
64.000000	66851.187500	297.875000	1.716738	
