#NUM_THREADS
2.000000	0.000000	0.000000	0.110619	
3.000000	0.000000	0.000000	0.165929	
4.000000	0.000000	0.187500	0.221239	
5.000000	0.000000	0.437500	0.276549	
6.000000	0.000000	1.000000	0.331858	
7.000000	0.000000	1.437500	0.387168	
8.000000	0.000000	2.687500	0.442478	
9.000000	0.000000	2.937500	0.497788	
10.000000	0.000000	3.750000	0.553097	
11.000000	0.000000	4.250000	0.608407	
12.000000	0.000000	4.687500	0.663717	
13.000000	0.000000	5.562500	0.719027	
14.000000	0.000000	6.437500	0.774336	
15.000000	0.000000	6.812500	0.829646	
16.000000	0.000000	8.687500	0.884956	
17.000000	0.000000	7.562500	0.940265	
18.000000	0.000000	9.000000	0.995575	
19.000000	0.000000	10.937500	1.050885	
20.000000	0.000000	10.562500	1.106195	
21.000000	29.562500	12.062500	1.161504	
22.000000	69.750000	12.750000	1.216814	
23.000000	566.687500	15.250000	1.272124	
24.000000	1084.750000	16.000000	1.327434	
25.000000	1957.187500	22.625000	1.382743	
26.000000	4424.000000	30.187500	1.438053	
27.000000	3730.187500	28.000000	1.493363	
28.000000	4640.875000	27.687500	1.548673	
29.000000	12022.562500	54.625000	1.603982	
30.000000	9172.687500	48.000000	1.659292	
31.000000	15236.812500	69.500000	1.714602	
32.000000	14405.687500	67.562500	1.769912	
33.000000	15391.562500	65.312500	1.825221	
34.000000	18479.562500	81.125000	1.880531	
35.000000	25059.625000	118.187500	1.935841	
36.000000	30283.375000	133.812500	1.991150	
37.000000	25650.125000	115.375000	2.046460	
38.000000	37739.687500	159.500000	2.101770	
39.000000	40410.062500	183.125000	2.157080	
40.000000	48486.937500	210.687500	2.212389	
41.000000	44703.062500	185.875000	2.267699	
42.000000	62233.500000	259.250000	2.323009	
43.000000	62893.312500	271.750000	2.378319	
44.000000	64536.875000	275.875000	2.433628	
45.000000	75005.250000	322.500000	2.488938	
46.000000	76391.000000	326.062500	2.544248	
47.000000	84852.750000	356.437500	2.599558	
48.000000	86804.312500	369.312500	2.654867	
49.000000	101226.500000	432.125000	2.710177	
50.000000	104942.187500	453.187500	2.765487	
51.000000	123033.062500	537.312500	2.820796	
52.000000	134081.250000	571.687500	2.876106	
53.000000	151597.375000	654.937500	2.931416	
54.000000	152795.437500	647.875000	2.986726	
55.000000	165643.562500	720.125000	3.042035	
56.000000	166336.000000	707.437500	3.097345	
57.000000	169675.625000	722.125000	3.152655	
58.000000	196723.312500	849.312500	3.207965	
59.000000	199737.312500	865.812500	3.263274	
60.000000	212249.687500	907.000000	3.318584	
61.000000	237394.750000	1019.062500	3.373894	
62.000000	255738.562500	1090.437500	3.429204	
63.000000	241521.062500	1027.000000	3.484513	
64.000000	276573.062500	1187.375000	3.539823	
