#NUM_THREADS
2.000000	0.000000	0.062500	0.378788	
3.000000	0.000000	0.000000	0.568182	
4.000000	0.000000	0.187500	0.757576	
5.000000	0.000000	0.687500	0.946970	
6.000000	0.000000	1.187500	1.136364	
7.000000	0.062500	2.062500	1.325758	
8.000000	84.562500	2.625000	1.515152	
9.000000	357.875000	3.875000	1.704545	
10.000000	723.437500	5.125000	1.893939	
11.000000	1717.187500	7.375000	2.083333	
12.000000	3275.375000	13.250000	2.272727	
13.000000	3382.687500	13.750000	2.462121	
14.000000	3648.937500	14.437500	2.651515	
15.000000	5738.062500	20.875000	2.840909	
16.000000	6522.375000	24.687500	3.030303	
17.000000	8462.625000	31.000000	3.219697	
18.000000	15024.062500	54.750000	3.409091	
19.000000	12746.062500	44.375000	3.598485	
20.000000	16713.625000	61.062500	3.787879	
21.000000	22920.937500	91.625000	3.977273	
22.000000	25183.562500	101.875000	4.166667	
23.000000	23851.000000	92.750000	4.356061	
24.000000	31298.000000	119.312500	4.545455	
25.000000	39784.812500	152.437500	4.734848	
26.000000	33857.750000	131.250000	4.924242	
27.000000	40068.562500	164.937500	5.113636	
28.000000	49316.625000	207.062500	5.303030	
29.000000	58304.875000	249.562500	5.492424	
30.000000	64812.187500	258.062500	5.681818	
31.000000	62754.562500	267.562500	5.871212	
32.000000	69139.125000	296.000000	6.060606	
33.000000	76743.812500	327.000000	6.250000	
34.000000	100628.250000	439.125000	6.439394	
35.000000	90592.000000	384.250000	6.628788	
36.000000	112686.500000	490.062500	6.818182	
37.000000	111995.562500	497.312500	7.007576	
38.000000	108905.000000	476.562500	7.196970	
39.000000	122742.562500	518.750000	7.386364	
40.000000	154116.437500	656.062500	7.575758	
41.000000	138611.687500	591.875000	7.765152	
42.000000	146707.500000	630.562500	7.954545	
43.000000	176615.250000	749.687500	8.143939	
44.000000	184538.937500	794.062500	8.333333	
45.000000	199472.750000	850.437500	8.522727	
46.000000	186891.375000	788.125000	8.712121	
47.000000	212883.062500	910.750000	8.901515	
48.000000	223978.312500	956.000000	9.090909	
49.000000	237371.125000	1012.375000	9.280303	
50.000000	248029.625000	1048.687500	9.469697	
51.000000	272660.687500	1164.687500	9.659091	
52.000000	263905.812500	1127.312500	9.848485	
53.000000	315524.187500	1346.687500	10.037879	
54.000000	282277.562500	1201.000000	10.227273	
55.000000	333961.250000	1416.625000	10.416667	
56.000000	313859.500000	1338.812500	10.606061	
57.000000	368542.375000	1563.375000	10.795455	
58.000000	364870.937500	1546.000000	10.984848	
59.000000	355417.375000	1499.062500	11.174242	
60.000000	389247.000000	1638.125000	11.363636	
61.000000	396359.812500	1696.750000	11.553030	
62.000000	424073.562500	1781.625000	11.742424	
63.000000	431143.375000	1833.250000	11.931818	
64.000000	453564.562500	1923.687500	12.121212	
