#NUM_THREADS
2.000000	0.000000	0.125000	0.500000	
3.000000	0.000000	0.062500	0.750000	
4.000000	0.000000	1.000000	1.000000	
5.000000	0.000000	1.062500	1.250000	
6.000000	28.875000	1.375000	1.500000	
7.000000	255.125000	2.437500	1.750000	
8.000000	572.125000	4.062500	2.000000	
9.000000	939.250000	4.750000	2.250000	
10.000000	1532.937500	7.062500	2.500000	
11.000000	2646.250000	10.312500	2.750000	
12.000000	2553.812500	9.687500	3.000000	
13.000000	3819.625000	14.312500	3.250000	
14.000000	5431.625000	20.625000	3.500000	
15.000000	8978.187500	31.062500	3.750000	
16.000000	12593.625000	41.250000	4.000000	
17.000000	11912.500000	38.812500	4.250000	
18.000000	16595.500000	55.250000	4.500000	
19.000000	19053.125000	63.750000	4.750000	
20.000000	20854.125000	71.375000	5.000000	
21.000000	29345.000000	112.750000	5.250000	
22.000000	33812.437500	134.562500	5.500000	
23.000000	33144.375000	128.312500	5.750000	
24.000000	35746.625000	142.250000	6.000000	
25.000000	41898.062500	164.875000	6.250000	
26.000000	55910.937500	241.125000	6.500000	
27.000000	47041.937500	193.625000	6.750000	
28.000000	56185.687500	221.687500	7.000000	
29.000000	44178.625000	171.250000	7.250000	
30.000000	81071.125000	345.500000	7.500000	
31.000000	77516.375000	329.437500	7.750000	
32.000000	82244.687500	350.500000	8.000000	
33.000000	80987.937500	350.187500	8.250000	
34.000000	102340.500000	437.562500	8.500000	
35.000000	105338.625000	440.312500	8.750000	
36.000000	115872.250000	486.062500	9.000000	
37.000000	135582.500000	582.937500	9.250000	
38.000000	132822.000000	562.687500	9.500000	
39.000000	121189.250000	523.125000	9.750000	
40.000000	157822.312500	668.687500	10.000000	
41.000000	179062.562500	751.875000	10.250000	
42.000000	165247.687500	709.187500	10.500000	
43.000000	196103.375000	846.375000	10.750000	
44.000000	200030.312500	856.750000	11.000000	
45.000000	225993.062500	963.125000	11.250000	
46.000000	224892.062500	963.812500	11.500000	
47.000000	233769.062500	1001.312500	11.750000	
48.000000	245686.437500	1044.812500	12.000000	
49.000000	256607.250000	1093.625000	12.250000	
50.000000	267797.500000	1136.875000	12.500000	
51.000000	304490.062500	1281.687500	12.750000	
52.000000	273480.562500	1174.187500	13.000000	
53.000000	299570.875000	1271.437500	13.250000	
54.000000	347886.250000	1459.312500	13.500000	
55.000000	339291.312500	1432.250000	13.750000	
56.000000	347856.312500	1488.875000	14.000000	
57.000000	326345.500000	1391.562500	14.250000	
58.000000	391153.312500	1650.625000	14.500000	
59.000000	395808.125000	1686.500000	14.750000	
60.000000	424195.062500	1807.500000	15.000000	
61.000000	418469.687500	1749.562500	15.250000	
62.000000	455369.687500	1937.687500	15.500000	
63.000000	479667.250000	2061.750000	15.750000	
64.000000	471792.562500	1998.875000	16.000000	
