#NUM_THREADS
1.77778
0
0
0.3003
2.35294
0
0
0.397456
2.88
0
0.12
0.486487
3.39394
0
0.333333
0.573301
3.90244
0
0.463415
0.659196
4.40816
0
0.530612
0.744622
4.91228
2.08772
0.807018
0.829777
5.41538
13.6615
1.10769
0.914761
5.91781
65.1507
1.47945
0.99963
6.41975
190.235
2.06173
1.08442
6.92135
396.18
2.93258
1.16915
7.42268
582.619
3.58763
1.25383
7.92381
790.762
4.26667
1.33848
8.42478
1081.96
5.38938
1.4231
8.92562
1505.9
6.65289
1.50771
9.42636
1768.89
7.55814
1.59229
9.92701
2110.23
8.89051
1.67686
10.4276
2787
11
1.76142
10.9281
3225.31
12.6928
1.84596
11.4286
4027.37
15.8137
1.9305
11.929
5030.57
20.4142
2.01503
12.4294
5879.29
23.4802
2.09956
12.9297
6962.66
27.8432
2.18408
13.4301
7825.01
31.0622
2.26859
13.9303
9317.4
37.5274
2.3531
14.4306
11131.2
45.4402
2.43761
14.9309
12208.8
49.8387
2.52211
15.4311
13809.4
56.3156
2.60661
15.9313
15453.2
62.588
2.6911
16.4315
16953.4
69.1494
2.7756
16.9317
18895
77.4578
2.86009
17.4319
20724.1
85.2412
2.94458
17.9321
22333.5
92.2415
3.02907
18.4322
23982.2
99.4652
3.11355
18.9324
25930.1
107.641
3.19804
19.4325
27690.2
115.062
3.28252
19.9327
29743.3
124.141
3.367
20.4328
31829
132.951
3.45148
20.9329
34240.2
143.594
3.53596
21.433
36811.6
154.773
3.62044
21.9331
39550.2
166.824
3.70492
22.4332
42153.8
178.35
3.7894
22.9333
44301.3
187.42
3.87387
23.4334
47961.5
202.975
3.95835
23.9335
50875.6
215.515
4.04282
24.4336
53251.1
225.767
4.1273
24.9337
56144.6
238.053
4.21177
25.4338
60171.1
254.995
4.29624
25.9338
63704.6
269.87
4.38072
26.4339
67244.9
285.02
4.46519
26.934
70966.3
301.164
4.54966
27.4341
75030.1
318.379
4.63413
27.9341
78402.1
332.793
4.7186
28.4342
82990.6
351.903
4.80307
28.9342
87710.5
372.24
4.88754
29.4343
92206
391.341
4.97201
29.9344
97273.1
413.081
5.05648
30.4344
102309
434.512
5.14095
30.9345
107253
455.345
5.22542
31.4345
111896
474.622
5.30988
31.9346
116259
493.368
5.39435
32.4346
121580
515.853
5.47882
32.9347
126488
536.547
5.56329
