#NUM_THREADS
2.000000	0.000000	0.000000	0.086207	
3.000000	0.000000	0.000000	0.129310	
4.000000	0.000000	0.000000	0.172414	
5.000000	0.000000	0.625000	0.215517	
6.000000	0.000000	1.125000	0.258621	
7.000000	0.000000	1.062500	0.301724	
8.000000	0.000000	1.500000	0.344828	
9.000000	0.000000	2.562500	0.387931	
10.000000	0.000000	3.625000	0.431034	
11.000000	0.000000	4.062500	0.474138	
12.000000	0.000000	4.750000	0.517241	
13.000000	0.000000	6.125000	0.560345	
14.000000	0.000000	5.812500	0.603448	
15.000000	0.000000	6.687500	0.646552	
16.000000	0.000000	7.125000	0.689655	
17.000000	0.000000	8.500000	0.732759	
18.000000	0.000000	10.687500	0.775862	
19.000000	0.000000	9.250000	0.818965	
20.000000	0.000000	11.437500	0.862069	
21.000000	0.000000	12.937500	0.905172	
22.000000	0.000000	13.000000	0.948276	
23.000000	0.000000	15.250000	0.991379	
24.000000	0.000000	13.937500	1.034483	
25.000000	0.000000	16.250000	1.077586	
26.000000	1.187500	17.625000	1.120690	
27.000000	128.500000	18.312500	1.163793	
28.000000	174.875000	18.687500	1.206897	
29.000000	906.500000	21.125000	1.250000	
30.000000	2092.187500	25.937500	1.293103	
31.000000	2177.500000	24.250000	1.336207	
32.000000	4753.875000	34.812500	1.379310	
33.000000	7196.625000	44.062500	1.422414	
34.000000	8537.250000	45.625000	1.465517	
35.000000	12088.375000	65.437500	1.508621	
36.000000	16106.312500	78.187500	1.551724	
37.000000	14470.875000	81.437500	1.594828	
38.000000	16547.437500	87.125000	1.637931	
39.000000	18359.187500	90.187500	1.681034	
40.000000	21467.312500	108.312500	1.724138	
41.000000	26761.375000	121.562500	1.767241	
42.000000	35420.062500	159.125000	1.810345	
43.000000	36221.937500	170.375000	1.853448	
44.000000	45784.750000	197.812500	1.896552	
45.000000	40711.562500	186.500000	1.939655	
46.000000	50750.250000	221.750000	1.982759	
47.000000	56698.437500	244.250000	2.025862	
48.000000	70506.375000	305.812500	2.068965	
49.000000	64983.937500	280.437500	2.112069	
50.000000	70547.812500	299.437500	2.155172	
51.000000	81294.437500	348.875000	2.198276	
52.000000	92390.250000	392.937500	2.241379	
53.000000	88619.812500	382.062500	2.284483	
54.000000	93504.375000	395.187500	2.327586	
55.000000	116847.812500	501.437500	2.370690	
56.000000	135734.125000	589.500000	2.413793	
57.000000	156264.500000	666.250000	2.456897	
58.000000	169098.062500	726.625000	2.500000	
59.000000	116993.937500	502.812500	2.543103	
60.000000	146210.750000	621.812500	2.586207	
61.000000	165789.500000	706.187500	2.629310	
62.000000	191397.062500	823.937500	2.672414	
63.000000	179880.312500	774.062500	2.715517	
64.000000	185328.500000	794.187500	2.758621	
