#NUM_THREADS
2.000000	0.000000	0.000000	0.062189	
3.000000	0.000000	0.000000	0.093284	
4.000000	0.000000	0.000000	0.124378	
5.000000	0.000000	0.312500	0.155473	
6.000000	0.000000	0.750000	0.186567	
7.000000	0.000000	1.375000	0.217662	
8.000000	0.000000	2.000000	0.248756	
9.000000	0.000000	2.500000	0.279851	
10.000000	0.000000	4.000000	0.310945	
11.000000	0.000000	4.312500	0.342040	
12.000000	0.000000	4.437500	0.373134	
13.000000	0.000000	6.437500	0.404229	
14.000000	0.000000	5.937500	0.435323	
15.000000	0.000000	6.437500	0.466418	
16.000000	0.000000	7.812500	0.497512	
17.000000	0.000000	9.937500	0.528607	
18.000000	0.000000	8.500000	0.559702	
19.000000	0.000000	10.187500	0.590796	
20.000000	0.000000	11.125000	0.621891	
21.000000	0.000000	15.312500	0.652985	
22.000000	0.000000	13.562500	0.684080	
23.000000	0.000000	15.125000	0.715174	
24.000000	0.000000	11.500000	0.746269	
25.000000	0.000000	14.062500	0.777363	
26.000000	0.000000	15.187500	0.808458	
27.000000	0.000000	16.812500	0.839552	
28.000000	0.000000	19.875000	0.870647	
29.000000	0.000000	20.250000	0.901741	
30.000000	0.000000	20.750000	0.932836	
31.000000	0.000000	23.687500	0.963930	
32.000000	0.000000	22.750000	0.995025	
33.000000	0.000000	23.125000	1.026119	
34.000000	0.000000	23.000000	1.057214	
35.000000	0.000000	23.562500	1.088308	
36.000000	36.312500	28.375000	1.119403	
37.000000	50.250000	21.937500	1.150498	
38.000000	702.312500	30.375000	1.181592	
39.000000	1197.312500	30.062500	1.212687	
40.000000	3413.625000	40.000000	1.243781	
41.000000	1732.500000	32.875000	1.274876	
42.000000	6504.625000	53.375000	1.305970	
43.000000	6090.000000	50.437500	1.337065	
44.000000	8335.875000	55.625000	1.368159	
45.000000	11226.000000	72.375000	1.399254	
46.000000	12764.625000	73.437500	1.430348	
47.000000	14942.750000	81.375000	1.461443	
48.000000	22724.187500	116.125000	1.492537	
49.000000	28660.625000	145.812500	1.523632	
50.000000	28217.750000	139.500000	1.554726	
51.000000	28645.375000	139.375000	1.585821	
52.000000	24036.625000	125.750000	1.616915	
53.000000	35436.312500	177.250000	1.648010	
54.000000	47640.375000	221.937500	1.679104	
55.000000	49324.625000	219.375000	1.710199	
56.000000	44387.375000	204.812500	1.741294	
57.000000	65647.125000	288.125000	1.772388	
58.000000	55972.250000	252.375000	1.803483	
59.000000	57326.187500	255.812500	1.834577	
60.000000	81992.500000	364.062500	1.865672	
61.000000	79741.000000	354.312500	1.896766	
62.000000	83861.062500	370.687500	1.927861	
63.000000	100889.250000	432.062500	1.958955	
64.000000	110956.000000	485.000000	1.990050	
