#NUM_THREADS
2.000000	0.000000	0.000000	0.091241	
3.000000	0.000000	0.000000	0.136861	
4.000000	0.000000	0.312500	0.182482	
5.000000	0.000000	0.687500	0.228102	
6.000000	0.000000	1.125000	0.273723	
7.000000	0.000000	1.625000	0.319343	
8.000000	0.000000	2.250000	0.364964	
9.000000	0.000000	3.625000	0.410584	
10.000000	0.000000	4.000000	0.456204	
11.000000	0.000000	4.250000	0.501825	
12.000000	0.000000	5.562500	0.547445	
13.000000	0.000000	5.687500	0.593066	
14.000000	0.000000	6.250000	0.638686	
15.000000	0.000000	6.875000	0.684307	
16.000000	0.000000	8.687500	0.729927	
17.000000	0.000000	9.312500	0.775547	
18.000000	0.000000	10.187500	0.821168	
19.000000	0.000000	11.000000	0.866788	
20.000000	0.000000	10.750000	0.912409	
21.000000	0.000000	12.875000	0.958029	
22.000000	0.000000	12.750000	1.003650	
23.000000	0.000000	12.000000	1.049270	
24.000000	0.000000	13.312500	1.094890	
25.000000	22.000000	16.750000	1.140511	
26.000000	149.562500	17.312500	1.186131	
27.000000	839.000000	19.875000	1.231752	
28.000000	2125.687500	25.500000	1.277372	
29.000000	2414.187500	26.312500	1.322993	
30.000000	2973.500000	22.875000	1.368613	
31.000000	5395.687500	37.875000	1.414234	
32.000000	5129.687500	35.312500	1.459854	
33.000000	7653.062500	43.437500	1.505474	
34.000000	11025.625000	61.250000	1.551095	
35.000000	11654.187500	55.875000	1.596715	
36.000000	15121.000000	80.812500	1.642336	
37.000000	21431.500000	97.250000	1.687956	
38.000000	17802.437500	93.187500	1.733577	
39.000000	27311.375000	125.625000	1.779197	
40.000000	29896.062500	142.625000	1.824818	
41.000000	33494.062500	145.312500	1.870438	
42.000000	38294.500000	176.750000	1.916058	
43.000000	36588.062500	157.750000	1.961679	
44.000000	55053.750000	244.875000	2.007299	
45.000000	45593.437500	203.750000	2.052920	
46.000000	69463.687500	295.062500	2.098540	
47.000000	59021.875000	262.500000	2.144161	
48.000000	62324.750000	278.062500	2.189781	
49.000000	65741.937500	280.750000	2.235401	
50.000000	83124.812500	363.500000	2.281022	
51.000000	84591.750000	368.125000	2.326642	
52.000000	88691.750000	381.312500	2.372263	
53.000000	86525.312500	376.125000	2.417883	
54.000000	101098.625000	437.312500	2.463504	
55.000000	110508.687500	475.687500	2.509124	
56.000000	125486.062500	542.562500	2.554744	
57.000000	121458.937500	523.375000	2.600365	
58.000000	155628.250000	674.437500	2.645985	
59.000000	140611.000000	614.562500	2.691606	
60.000000	151950.000000	647.250000	2.737226	
61.000000	165146.750000	714.812500	2.782847	
62.000000	203712.500000	870.125000	2.828467	
63.000000	195086.312500	831.750000	2.874088	
64.000000	197377.687500	852.437500	2.919708	
