#NUM_THREADS
2.000000	0.000000	0.000000	0.030562	
3.000000	0.000000	0.187500	0.045844	
4.000000	0.000000	0.812500	0.061125	
5.000000	0.000000	1.062500	0.076406	
6.000000	0.000000	1.625000	0.091687	
7.000000	0.000000	1.750000	0.106968	
8.000000	0.000000	2.187500	0.122249	
9.000000	0.000000	2.937500	0.137531	
10.000000	0.000000	3.375000	0.152812	
11.000000	0.000000	4.187500	0.168093	
12.000000	0.000000	4.687500	0.183374	
13.000000	0.000000	5.687500	0.198655	
14.000000	0.000000	5.875000	0.213936	
15.000000	0.000000	7.437500	0.229218	
16.000000	0.000000	7.437500	0.244499	
17.000000	0.000000	9.062500	0.259780	
18.000000	0.000000	9.875000	0.275061	
19.000000	0.000000	7.750000	0.290342	
20.000000	0.000000	12.062500	0.305623	
21.000000	0.000000	12.812500	0.320905	
22.000000	0.000000	13.687500	0.336186	
23.000000	0.000000	15.437500	0.351467	
24.000000	0.000000	15.312500	0.366748	
25.000000	0.000000	14.812500	0.382029	
26.000000	0.000000	17.812500	0.397311	
27.000000	0.000000	17.375000	0.412592	
28.000000	0.000000	16.250000	0.427873	
29.000000	0.000000	19.687500	0.443154	
30.000000	0.000000	18.812500	0.458435	
31.000000	0.000000	22.062500	0.473716	
32.000000	0.000000	18.875000	0.488998	
33.000000	0.000000	20.937500	0.504279	
34.000000	0.000000	20.187500	0.519560	
35.000000	0.000000	22.875000	0.534841	
36.000000	0.000000	26.062500	0.550122	
37.000000	0.000000	25.250000	0.565403	
38.000000	0.000000	25.375000	0.580685	
39.000000	0.000000	27.125000	0.595966	
40.000000	0.000000	30.187500	0.611247	
41.000000	0.000000	27.250000	0.626528	
42.000000	0.000000	31.500000	0.641809	
43.000000	0.000000	32.812500	0.657090	
44.000000	0.000000	27.625000	0.672372	
45.000000	0.000000	34.187500	0.687653	
46.000000	0.000000	35.250000	0.702934	
47.000000	0.000000	33.625000	0.718215	
48.000000	0.000000	32.937500	0.733496	
49.000000	0.000000	39.937500	0.748778	
50.000000	0.000000	36.250000	0.764059	
51.000000	0.000000	36.375000	0.779340	
52.000000	0.000000	38.750000	0.794621	
53.000000	0.000000	36.312500	0.809902	
54.000000	0.000000	37.500000	0.825183	
55.000000	0.000000	43.687500	0.840465	
56.000000	0.000000	41.937500	0.855746	
57.000000	0.000000	43.562500	0.871027	
58.000000	0.000000	42.062500	0.886308	
59.000000	0.000000	42.500000	0.901589	
60.000000	0.000000	46.000000	0.916870	
61.000000	0.000000	45.562500	0.932152	
62.000000	0.000000	47.125000	0.947433	
63.000000	0.000000	47.375000	0.962714	
64.000000	0.000000	46.312500	0.977995	
