#NUM_THREADS
2.000000	0.000000	0.187500	0.034626	
3.000000	0.000000	0.437500	0.051939	
4.000000	0.000000	0.937500	0.069252	
5.000000	0.000000	1.250000	0.086565	
6.000000	0.000000	1.437500	0.103878	
7.000000	0.000000	1.687500	0.121191	
8.000000	0.000000	2.187500	0.138504	
9.000000	0.000000	2.437500	0.155817	
10.000000	0.000000	3.312500	0.173130	
11.000000	0.000000	4.187500	0.190443	
12.000000	0.000000	4.562500	0.207756	
13.000000	0.000000	5.937500	0.225069	
14.000000	0.000000	6.062500	0.242382	
15.000000	0.000000	6.500000	0.259695	
16.000000	0.000000	6.937500	0.277008	
17.000000	0.000000	9.187500	0.294321	
18.000000	0.000000	10.062500	0.311634	
19.000000	0.000000	10.687500	0.328947	
20.000000	0.000000	12.000000	0.346260	
21.000000	0.000000	14.312500	0.363573	
22.000000	0.000000	12.437500	0.380886	
23.000000	0.000000	13.562500	0.398199	
24.000000	0.000000	14.125000	0.415512	
25.000000	0.000000	15.437500	0.432825	
26.000000	0.000000	16.625000	0.450139	
27.000000	0.000000	19.062500	0.467452	
28.000000	0.000000	16.687500	0.484765	
29.000000	0.000000	19.062500	0.502078	
30.000000	0.000000	18.750000	0.519391	
31.000000	0.000000	20.312500	0.536704	
32.000000	0.000000	22.187500	0.554017	
33.000000	0.000000	23.500000	0.571330	
34.000000	0.000000	25.250000	0.588643	
35.000000	0.000000	22.687500	0.605956	
36.000000	0.000000	24.437500	0.623269	
37.000000	0.000000	24.750000	0.640582	
38.000000	0.000000	28.312500	0.657895	
39.000000	0.000000	28.125000	0.675208	
40.000000	0.000000	26.562500	0.692521	
41.000000	0.000000	30.187500	0.709834	
42.000000	0.000000	33.125000	0.727147	
43.000000	0.000000	30.937500	0.744460	
44.000000	0.000000	34.875000	0.761773	
45.000000	0.000000	33.687500	0.779086	
46.000000	0.000000	34.625000	0.796399	
47.000000	0.000000	33.500000	0.813712	
48.000000	0.000000	35.125000	0.831025	
49.000000	0.000000	37.062500	0.848338	
50.000000	0.000000	35.812500	0.865651	
51.000000	0.000000	37.187500	0.882964	
52.000000	0.000000	37.000000	0.900277	
53.000000	0.000000	39.375000	0.917590	
54.000000	0.000000	42.187500	0.934903	
55.000000	0.000000	43.375000	0.952216	
56.000000	0.000000	41.687500	0.969529	
57.000000	0.000000	43.750000	0.986842	
58.000000	0.000000	41.437500	1.004155	
59.000000	0.000000	45.437500	1.021468	
60.000000	0.000000	44.062500	1.038781	
61.000000	0.000000	48.125000	1.056094	
62.000000	0.000000	46.562500	1.073407	
63.000000	358.437500	50.312500	1.090720	
64.000000	299.625000	46.875000	1.108033	
