#NUM_THREADS
2.000000	0.000000	0.062500	0.026882	
3.000000	0.000000	0.062500	0.040323	
4.000000	0.000000	0.562500	0.053763	
5.000000	0.000000	1.187500	0.067204	
6.000000	0.000000	1.250000	0.080645	
7.000000	0.000000	2.062500	0.094086	
8.000000	0.000000	2.250000	0.107527	
9.000000	0.000000	2.875000	0.120968	
10.000000	0.000000	3.500000	0.134409	
11.000000	0.000000	4.125000	0.147849	
12.000000	0.000000	4.687500	0.161290	
13.000000	0.000000	5.625000	0.174731	
14.000000	0.000000	6.125000	0.188172	
15.000000	0.000000	6.500000	0.201613	
16.000000	0.000000	8.125000	0.215054	
17.000000	0.000000	9.000000	0.228495	
18.000000	0.000000	8.250000	0.241935	
19.000000	0.000000	11.250000	0.255376	
20.000000	0.000000	11.312500	0.268817	
21.000000	0.000000	11.687500	0.282258	
22.000000	0.000000	12.437500	0.295699	
23.000000	0.000000	13.312500	0.309140	
24.000000	0.000000	13.812500	0.322581	
25.000000	0.000000	15.000000	0.336022	
26.000000	0.000000	16.437500	0.349462	
27.000000	0.000000	16.437500	0.362903	
28.000000	0.000000	17.937500	0.376344	
29.000000	0.000000	21.562500	0.389785	
30.000000	0.000000	21.937500	0.403226	
31.000000	0.000000	17.500000	0.416667	
32.000000	0.000000	23.250000	0.430108	
33.000000	0.000000	23.812500	0.443548	
34.000000	0.000000	20.875000	0.456989	
35.000000	0.000000	24.750000	0.470430	
36.000000	0.000000	24.375000	0.483871	
37.000000	0.000000	24.562500	0.497312	
38.000000	0.000000	26.750000	0.510753	
39.000000	0.000000	26.312500	0.524194	
40.000000	0.000000	27.062500	0.537634	
41.000000	0.000000	28.875000	0.551075	
42.000000	0.000000	30.312500	0.564516	
43.000000	0.000000	29.062500	0.577957	
44.000000	0.000000	30.750000	0.591398	
45.000000	0.000000	32.687500	0.604839	
46.000000	0.000000	33.812500	0.618280	
47.000000	0.000000	35.437500	0.631720	
48.000000	0.000000	34.750000	0.645161	
49.000000	0.000000	39.000000	0.658602	
50.000000	0.000000	38.125000	0.672043	
51.000000	0.000000	35.250000	0.685484	
52.000000	0.000000	36.687500	0.698925	
53.000000	0.000000	39.500000	0.712366	
54.000000	0.000000	40.375000	0.725806	
55.000000	0.000000	39.625000	0.739247	
56.000000	0.000000	40.375000	0.752688	
57.000000	0.000000	42.562500	0.766129	
58.000000	0.000000	43.562500	0.779570	
59.000000	0.000000	42.437500	0.793011	
60.000000	0.000000	44.812500	0.806452	
61.000000	0.000000	48.937500	0.819892	
62.000000	0.000000	47.687500	0.833333	
63.000000	0.000000	44.937500	0.846774	
64.000000	0.000000	48.000000	0.860215	
