#NUM_THREADS
2.000000	0.000000	0.000000	0.192308	
3.000000	0.000000	0.125000	0.288462	
4.000000	0.000000	0.312500	0.384615	
5.000000	0.000000	0.937500	0.480769	
6.000000	0.000000	1.000000	0.576923	
7.000000	0.000000	1.812500	0.673077	
8.000000	0.000000	1.812500	0.769231	
9.000000	0.000000	2.125000	0.865385	
10.000000	0.000000	2.625000	0.961538	
11.000000	0.000000	3.187500	1.057692	
12.000000	0.000000	3.250000	1.153846	
13.000000	44.875000	3.562500	1.250000	
14.000000	0.000000	4.000000	1.346154	
15.000000	19.062500	4.562500	1.442308	
16.000000	45.187500	4.750000	1.538462	
17.000000	7.750000	3.812500	1.634615	
18.000000	254.687500	4.812500	1.730769	
19.000000	71.437500	4.312500	1.826923	
20.000000	508.625000	5.375000	1.923077	
21.000000	1509.312500	6.687500	2.019231	
22.000000	1515.312500	7.500000	2.115385	
23.000000	284.812500	5.250000	2.211539	
24.000000	486.000000	5.500000	2.307692	
25.000000	132.875000	4.500000	2.403846	
26.000000	601.312500	6.125000	2.500000	
27.000000	402.750000	5.375000	2.596154	
28.000000	1293.687500	7.312500	2.692308	
29.000000	1373.000000	8.250000	2.788461	
30.000000	1960.625000	8.375000	2.884615	
31.000000	1952.562500	9.000000	2.980769	
32.000000	2191.250000	10.062500	3.076923	
33.000000	2094.875000	9.812500	3.173077	
34.000000	2766.375000	11.000000	3.269231	
35.000000	3699.500000	12.375000	3.365385	
36.000000	2994.937500	11.750000	3.461539	
37.000000	2818.187500	11.937500	3.557692	
38.000000	6766.000000	24.125000	3.653846	
39.000000	5722.187500	21.125000	3.750000	
40.000000	4625.750000	18.812500	3.846154	
41.000000	7679.937500	25.687500	3.942308	
42.000000	7251.000000	25.562500	4.038462	
43.000000	4383.125000	16.312500	4.134615	
44.000000	11777.937500	41.375000	4.230769	
45.000000	6901.687500	24.312500	4.326923	
46.000000	10944.625000	35.812500	4.423077	
47.000000	9211.312500	31.687500	4.519231	
48.000000	15032.562500	47.562500	4.615385	
49.000000	9923.062500	37.312500	4.711538	
50.000000	14960.562500	51.000000	4.807693	
51.000000	9352.000000	30.875000	4.903846	
52.000000	17379.187500	57.125000	5.000000	
53.000000	11986.875000	39.437500	5.096154	
54.000000	9511.375000	35.187500	5.192307	
55.000000	14663.187500	45.250000	5.288462	
56.000000	12471.062500	44.125000	5.384615	
57.000000	19192.000000	67.812500	5.480769	
58.000000	15330.625000	45.625000	5.576923	
59.000000	15269.437500	50.687500	5.673077	
60.000000	23479.500000	72.937500	5.769231	
61.000000	25460.750000	73.625000	5.865385	
62.000000	16174.687500	53.625000	5.961538	
63.000000	23326.812500	72.562500	6.057693	
64.000000	19453.500000	56.500000	6.153846	
