#NUM_THREADS
2.000000	0.000000	0.000000	0.119048	
3.000000	0.000000	0.125000	0.178571	
4.000000	0.000000	0.375000	0.238095	
5.000000	0.000000	1.000000	0.297619	
6.000000	0.000000	1.500000	0.357143	
7.000000	0.000000	1.625000	0.416667	
8.000000	0.000000	1.875000	0.476190	
9.000000	0.000000	2.312500	0.535714	
10.000000	0.000000	2.500000	0.595238	
11.000000	0.000000	2.812500	0.654762	
12.000000	0.000000	3.500000	0.714286	
13.000000	0.000000	4.000000	0.773810	
14.000000	0.000000	3.500000	0.833333	
15.000000	0.000000	4.437500	0.892857	
16.000000	0.000000	3.875000	0.952381	
17.000000	0.000000	4.500000	1.011905	
18.000000	0.000000	5.062500	1.071429	
19.000000	0.000000	4.937500	1.130952	
20.000000	0.000000	5.312500	1.190476	
21.000000	0.000000	5.187500	1.250000	
22.000000	0.000000	5.937500	1.309524	
23.000000	0.000000	6.062500	1.369048	
24.000000	0.000000	6.187500	1.428571	
25.000000	0.000000	6.375000	1.488095	
26.000000	0.000000	6.000000	1.547619	
27.000000	14.250000	6.250000	1.607143	
28.000000	0.000000	6.250000	1.666667	
29.000000	0.000000	6.187500	1.726190	
30.000000	0.000000	6.562500	1.785714	
31.000000	126.125000	5.625000	1.845238	
32.000000	123.187500	6.125000	1.904762	
33.000000	519.625000	6.437500	1.964286	
34.000000	274.937500	6.312500	2.023809	
35.000000	885.437500	7.812500	2.083333	
36.000000	374.562500	6.125000	2.142857	
37.000000	1651.375000	9.000000	2.202381	
38.000000	1490.750000	9.125000	2.261905	
39.000000	3996.500000	13.312500	2.321429	
40.000000	1791.375000	9.750000	2.380952	
41.000000	677.562500	7.937500	2.440476	
42.000000	652.187500	7.875000	2.500000	
43.000000	1782.187500	10.187500	2.559524	
44.000000	2570.062500	12.062500	2.619048	
45.000000	2027.625000	12.000000	2.678571	
46.000000	5220.250000	20.937500	2.738095	
47.000000	4964.812500	20.375000	2.797619	
48.000000	3792.812500	15.187500	2.857143	
49.000000	2944.687500	13.312500	2.916667	
50.000000	5755.875000	24.250000	2.976191	
51.000000	6771.875000	24.875000	3.035714	
52.000000	4397.750000	17.625000	3.095238	
53.000000	5770.187500	21.875000	3.154762	
54.000000	3478.250000	16.687500	3.214286	
55.000000	7254.500000	26.875000	3.273809	
56.000000	8806.000000	32.750000	3.333333	
57.000000	9937.000000	36.875000	3.392857	
58.000000	9593.562500	33.687500	3.452381	
59.000000	9398.125000	34.687500	3.511905	
60.000000	12261.937500	48.062500	3.571429	
61.000000	14643.562500	52.750000	3.630952	
62.000000	6966.000000	28.000000	3.690476	
63.000000	14186.875000	50.875000	3.750000	
64.000000	10811.000000	40.500000	3.809524	
