#NUM_THREADS
2.000000	0.000000	0.000000	0.103306	
3.000000	0.000000	0.000000	0.154959	
4.000000	0.000000	0.062500	0.206612	
5.000000	0.000000	0.937500	0.258264	
6.000000	0.000000	1.187500	0.309917	
7.000000	0.000000	1.750000	0.361570	
8.000000	0.000000	1.750000	0.413223	
9.000000	0.000000	2.125000	0.464876	
10.000000	0.000000	2.375000	0.516529	
11.000000	0.000000	2.812500	0.568182	
12.000000	0.000000	3.125000	0.619835	
13.000000	0.000000	3.375000	0.671488	
14.000000	0.000000	3.937500	0.723140	
15.000000	0.000000	3.937500	0.774793	
16.000000	0.000000	4.500000	0.826446	
17.000000	0.000000	5.062500	0.878099	
18.000000	0.000000	4.812500	0.929752	
19.000000	0.000000	4.937500	0.981405	
20.000000	0.000000	4.812500	1.033058	
21.000000	0.000000	5.062500	1.084711	
22.000000	0.000000	5.875000	1.136364	
23.000000	0.000000	5.750000	1.188017	
24.000000	0.000000	5.937500	1.239669	
25.000000	0.000000	5.687500	1.291322	
26.000000	0.000000	6.562500	1.342975	
27.000000	0.000000	6.250000	1.394628	
28.000000	0.000000	6.625000	1.446281	
29.000000	0.000000	5.812500	1.497934	
30.000000	0.000000	6.875000	1.549587	
31.000000	0.000000	6.375000	1.601240	
32.000000	83.187500	6.812500	1.652893	
33.000000	51.562500	5.812500	1.704545	
34.000000	28.687500	6.562500	1.756198	
35.000000	0.000000	6.562500	1.807851	
36.000000	0.000000	6.687500	1.859504	
37.000000	34.875000	7.562500	1.911157	
38.000000	502.312500	7.750000	1.962810	
39.000000	0.000000	6.687500	2.014463	
40.000000	727.562500	8.250000	2.066116	
41.000000	691.750000	8.687500	2.117769	
42.000000	721.562500	7.812500	2.169421	
43.000000	1390.875000	9.375000	2.221074	
44.000000	2700.625000	12.312500	2.272727	
45.000000	2113.250000	12.312500	2.324380	
46.000000	111.750000	7.687500	2.376033	
47.000000	1864.375000	10.687500	2.427686	
48.000000	1183.687500	9.812500	2.479339	
49.000000	2346.687500	12.562500	2.530992	
50.000000	2188.500000	12.187500	2.582645	
51.000000	2833.750000	13.875000	2.634298	
52.000000	5352.625000	19.875000	2.685951	
53.000000	5012.000000	19.250000	2.737603	
54.000000	5740.062500	22.187500	2.789256	
55.000000	5330.000000	22.125000	2.840909	
56.000000	4696.750000	22.312500	2.892562	
57.000000	5099.437500	21.187500	2.944215	
58.000000	8108.250000	32.625000	2.995868	
59.000000	4157.125000	19.500000	3.047521	
60.000000	8506.375000	33.000000	3.099174	
61.000000	8799.437500	35.875000	3.150826	
62.000000	6375.312500	26.312500	3.202479	
63.000000	10780.000000	40.625000	3.254132	
64.000000	9100.187500	35.000000	3.305785	
