#NUM_THREADS
2.000000	0.000000	0.000000	0.110619	
3.000000	0.000000	0.000000	0.165929	
4.000000	0.000000	0.312500	0.221239	
5.000000	0.000000	0.500000	0.276549	
6.000000	0.000000	1.000000	0.331858	
7.000000	0.000000	1.062500	0.387168	
8.000000	0.000000	2.062500	0.442478	
9.000000	0.000000	2.500000	0.497788	
10.000000	0.000000	2.812500	0.553097	
11.000000	0.000000	3.187500	0.608407	
12.000000	0.000000	3.125000	0.663717	
13.000000	0.000000	3.937500	0.719027	
14.000000	0.000000	4.062500	0.774336	
15.000000	0.000000	4.312500	0.829646	
16.000000	0.000000	4.250000	0.884956	
17.000000	0.000000	4.437500	0.940265	
18.000000	0.000000	4.625000	0.995575	
19.000000	0.000000	5.875000	1.050885	
20.000000	0.000000	5.062500	1.106195	
21.000000	0.000000	6.000000	1.161504	
22.000000	0.000000	6.062500	1.216814	
23.000000	0.000000	5.687500	1.272124	
24.000000	0.000000	6.250000	1.327434	
25.000000	0.000000	6.437500	1.382743	
26.000000	0.000000	6.375000	1.438053	
27.000000	0.000000	6.562500	1.493363	
28.000000	0.000000	5.937500	1.548673	
29.000000	0.000000	6.187500	1.603982	
30.000000	0.000000	6.312500	1.659292	
31.000000	0.000000	5.500000	1.714602	
32.000000	0.000000	5.625000	1.769912	
33.000000	0.000000	5.875000	1.825221	
34.000000	35.312500	6.250000	1.880531	
35.000000	167.500000	6.500000	1.935841	
36.000000	21.937500	6.062500	1.991150	
37.000000	593.625000	7.375000	2.046460	
38.000000	879.125000	8.187500	2.101770	
39.000000	1034.062500	8.375000	2.157080	
40.000000	731.562500	7.812500	2.212389	
41.000000	1238.625000	9.375000	2.267699	
42.000000	945.750000	8.812500	2.323009	
43.000000	2848.812500	13.250000	2.378319	
44.000000	3873.875000	15.312500	2.433628	
45.000000	2906.125000	13.375000	2.488938	
46.000000	2842.937500	13.500000	2.544248	
47.000000	2831.187500	14.562500	2.599558	
48.000000	1959.312500	11.687500	2.654867	
49.000000	3431.187500	15.437500	2.710177	
50.000000	3069.625000	15.625000	2.765487	
51.000000	8619.250000	36.062500	2.820796	
52.000000	11115.250000	31.750000	2.876106	
53.000000	8139.000000	30.625000	2.931416	
54.000000	4251.437500	19.062500	2.986726	
55.000000	7675.125000	33.500000	3.042035	
56.000000	6858.125000	25.562500	3.097345	
57.000000	7538.000000	31.875000	3.152655	
58.000000	6994.562500	27.000000	3.207965	
59.000000	12584.062500	45.312500	3.263274	
60.000000	10828.562500	42.875000	3.318584	
61.000000	8093.250000	30.562500	3.373894	
62.000000	5240.312500	20.312500	3.429204	
63.000000	13746.062500	51.750000	3.484513	
64.000000	12979.000000	42.250000	3.539823	
