#NUM_THREADS
2.000000	0.000000	0.062500	0.128866	
3.000000	0.000000	0.000000	0.193299	
4.000000	0.000000	0.562500	0.257732	
5.000000	0.000000	0.562500	0.322165	
6.000000	0.000000	1.812500	0.386598	
7.000000	0.000000	1.812500	0.451031	
8.000000	0.000000	2.062500	0.515464	
9.000000	0.000000	2.500000	0.579897	
10.000000	0.000000	2.625000	0.644330	
11.000000	0.000000	2.750000	0.708763	
12.000000	0.000000	2.750000	0.773196	
13.000000	0.000000	3.562500	0.837629	
14.000000	0.000000	3.500000	0.902062	
15.000000	0.000000	4.500000	0.966495	
16.000000	0.000000	4.250000	1.030928	
17.000000	0.000000	4.500000	1.095361	
18.000000	0.000000	4.875000	1.159794	
19.000000	0.000000	5.125000	1.224227	
20.000000	0.000000	5.375000	1.288660	
21.000000	0.000000	5.562500	1.353093	
22.000000	0.000000	5.000000	1.417526	
23.000000	0.000000	5.625000	1.481959	
24.000000	28.500000	5.750000	1.546392	
25.000000	0.000000	5.250000	1.610825	
26.000000	16.937500	5.687500	1.675258	
27.000000	97.250000	5.812500	1.739691	
28.000000	168.250000	5.812500	1.804124	
29.000000	908.125000	6.375000	1.868557	
30.000000	260.000000	5.375000	1.932990	
31.000000	0.000000	5.125000	1.997423	
32.000000	547.375000	7.125000	2.061856	
33.000000	711.250000	7.375000	2.126289	
34.000000	112.562500	6.125000	2.190722	
35.000000	269.375000	6.750000	2.255155	
36.000000	904.437500	7.437500	2.319588	
37.000000	632.187500	7.187500	2.384021	
38.000000	1065.812500	8.375000	2.448454	
39.000000	1316.437500	8.750000	2.512887	
40.000000	2570.687500	11.687500	2.577320	
41.000000	1885.937500	10.062500	2.641752	
42.000000	3983.250000	16.312500	2.706186	
43.000000	2244.375000	11.187500	2.770618	
44.000000	2581.187500	12.125000	2.835052	
45.000000	2978.687500	14.187500	2.899485	
46.000000	2993.062500	14.312500	2.963917	
47.000000	5174.312500	22.937500	3.028351	
48.000000	6103.812500	21.875000	3.092783	
49.000000	7640.687500	25.437500	3.157217	
50.000000	6402.625000	23.937500	3.221649	
51.000000	2809.062500	13.375000	3.286083	
52.000000	4142.000000	19.625000	3.350515	
53.000000	8854.000000	25.812500	3.414948	
54.000000	9260.625000	28.437500	3.479382	
55.000000	9199.937500	33.562500	3.543814	
56.000000	7112.687500	24.687500	3.608248	
57.000000	5776.312500	22.312500	3.672680	
58.000000	9326.562500	35.750000	3.737113	
59.000000	14592.437500	53.750000	3.801546	
60.000000	9390.437500	34.875000	3.865979	
61.000000	13942.187500	46.562500	3.930412	
62.000000	13906.812500	47.875000	3.994845	
63.000000	9194.375000	32.875000	4.059278	
64.000000	16228.687500	56.687500	4.123711	
