#NUM_THREADS
2.000000	0.000000	0.062500	1.388889	
3.000000	0.000000	0.125000	2.083333	
4.000000	0.000000	0.937500	2.777778	
5.000000	16.375000	0.687500	3.472222	
6.000000	192.000000	1.187500	4.166667	
7.000000	902.625000	2.687500	4.861111	
8.000000	624.875000	2.312500	5.555555	
9.000000	1621.375000	3.437500	6.250000	
10.000000	3442.937500	6.250000	6.944445	
11.000000	2383.187500	6.125000	7.638889	
12.000000	3314.875000	8.500000	8.333333	
13.000000	2948.687500	7.500000	9.027778	
14.000000	3207.687500	8.812500	9.722222	
15.000000	3726.875000	9.500000	10.416667	
16.000000	3598.750000	9.500000	11.111111	
17.000000	4669.375000	11.437500	11.805555	
18.000000	8190.250000	19.062500	12.500000	
19.000000	4759.125000	11.687500	13.194445	
20.000000	5912.062500	16.687500	13.888889	
21.000000	7431.312500	20.000000	14.583333	
22.000000	7833.812500	23.625000	15.277778	
23.000000	9317.812500	27.375000	15.972222	
24.000000	10537.062500	28.125000	16.666666	
25.000000	11725.000000	39.187500	17.361111	
26.000000	11039.875000	31.875000	18.055555	
27.000000	12337.375000	43.937500	18.750000	
28.000000	13046.687500	43.562500	19.444445	
29.000000	12820.250000	39.250000	20.138889	
30.000000	14826.375000	50.000000	20.833334	
31.000000	14855.875000	48.062500	21.527779	
32.000000	15158.437500	43.625000	22.222221	
33.000000	19707.625000	65.437500	22.916666	
34.000000	19918.437500	65.625000	23.611111	
35.000000	20922.562500	58.062500	24.305555	
36.000000	17640.312500	57.250000	25.000000	
37.000000	20854.875000	65.250000	25.694445	
38.000000	22980.437500	73.125000	26.388889	
39.000000	25357.562500	77.187500	27.083334	
40.000000	28950.687500	92.250000	27.777779	
41.000000	27253.500000	85.625000	28.472221	
42.000000	24144.500000	75.937500	29.166666	
43.000000	29569.625000	82.125000	29.861111	
44.000000	23579.312500	73.312500	30.555555	
45.000000	28433.625000	89.062500	31.250000	
46.000000	34647.312500	115.625000	31.944445	
47.000000	26421.187500	80.375000	32.638889	
48.000000	35171.937500	116.937500	33.333332	
49.000000	30072.187500	98.312500	34.027779	
50.000000	30408.562500	99.687500	34.722221	
51.000000	34937.875000	110.812500	35.416668	
52.000000	39602.562500	122.750000	36.111111	
53.000000	32221.375000	94.375000	36.805557	
54.000000	35906.875000	109.437500	37.500000	
55.000000	35378.500000	112.187500	38.194443	
56.000000	46781.250000	146.875000	38.888889	
57.000000	40115.562500	129.250000	39.583332	
58.000000	33315.250000	107.812500	40.277779	
59.000000	46295.500000	157.062500	40.972221	
60.000000	48990.562500	162.125000	41.666668	
61.000000	62044.000000	211.125000	42.361111	
62.000000	39270.125000	131.062500	43.055557	
63.000000	48043.875000	145.562500	43.750000	
64.000000	54985.937500	181.000000	44.444443	
