#NUM_THREADS
2.000000	0.000000	0.000000	0.171233	
3.000000	0.000000	0.062500	0.256849	
4.000000	0.000000	0.937500	0.342466	
5.000000	0.000000	1.000000	0.428082	
6.000000	0.000000	1.312500	0.513699	
7.000000	0.000000	1.875000	0.599315	
8.000000	0.000000	1.750000	0.684932	
9.000000	0.000000	2.187500	0.770548	
10.000000	0.000000	2.562500	0.856164	
11.000000	0.000000	3.000000	0.941781	
12.000000	0.000000	3.125000	1.027397	
13.000000	9.125000	3.625000	1.113014	
14.000000	0.000000	3.750000	1.198630	
15.000000	0.000000	4.125000	1.284247	
16.000000	0.000000	3.937500	1.369863	
17.000000	0.250000	4.437500	1.455480	
18.000000	64.250000	4.125000	1.541096	
19.000000	31.937500	4.375000	1.626712	
20.000000	172.687500	4.750000	1.712329	
21.000000	207.750000	4.937500	1.797945	
22.000000	0.000000	4.437500	1.883562	
23.000000	235.062500	5.562500	1.969178	
24.000000	0.000000	4.750000	2.054795	
25.000000	0.000000	5.062500	2.140411	
26.000000	278.937500	5.562500	2.226027	
27.000000	718.625000	6.000000	2.311644	
28.000000	1342.437500	7.875000	2.397260	
29.000000	1982.937500	8.562500	2.482877	
30.000000	1670.437500	8.062500	2.568493	
31.000000	813.437500	6.875000	2.654109	
32.000000	1652.500000	8.750000	2.739726	
33.000000	2811.812500	10.875000	2.825342	
34.000000	3453.250000	11.687500	2.910959	
35.000000	2434.812500	9.750000	2.996575	
36.000000	2893.750000	12.187500	3.082192	
37.000000	2057.562500	10.687500	3.167808	
38.000000	2420.687500	10.937500	3.253425	
39.000000	2883.562500	12.562500	3.339041	
40.000000	1881.625000	9.750000	3.424658	
41.000000	6352.437500	24.250000	3.510274	
42.000000	3386.562500	13.437500	3.595891	
43.000000	7484.187500	27.250000	3.681507	
44.000000	4271.687500	16.125000	3.767123	
45.000000	4986.000000	20.250000	3.852740	
46.000000	6053.500000	24.312500	3.938356	
47.000000	7901.687500	29.375000	4.023973	
48.000000	5946.687500	20.125000	4.109589	
49.000000	9196.062500	29.375000	4.195206	
50.000000	11145.562500	39.375000	4.280822	
51.000000	6702.937500	25.062500	4.366438	
52.000000	11812.250000	39.875000	4.452055	
53.000000	15249.375000	53.187500	4.537671	
54.000000	10438.312500	37.187500	4.623288	
55.000000	15880.062500	50.187500	4.708904	
56.000000	16678.625000	57.937500	4.794520	
57.000000	12882.500000	44.937500	4.880137	
58.000000	15709.000000	55.750000	4.965754	
59.000000	19139.250000	59.437500	5.051370	
60.000000	18570.500000	59.375000	5.136986	
61.000000	18017.062500	58.562500	5.222603	
62.000000	15318.312500	49.812500	5.308219	
63.000000	16304.750000	52.437500	5.393836	
64.000000	13434.687500	46.875000	5.479452	
