#NUM_THREADS
2.000000	0.000000	0.000000	0.140449	
3.000000	0.000000	0.062500	0.210674	
4.000000	0.000000	0.687500	0.280899	
5.000000	0.000000	1.000000	0.351124	
6.000000	0.000000	1.625000	0.421348	
7.000000	0.000000	1.937500	0.491573	
8.000000	0.000000	1.875000	0.561798	
9.000000	0.000000	1.937500	0.632023	
10.000000	0.000000	2.375000	0.702247	
11.000000	0.000000	2.812500	0.772472	
12.000000	0.000000	3.312500	0.842697	
13.000000	0.000000	3.250000	0.912921	
14.000000	0.000000	3.687500	0.983146	
15.000000	0.000000	4.375000	1.053371	
16.000000	0.000000	4.312500	1.123595	
17.000000	0.000000	4.875000	1.193820	
18.000000	0.000000	4.375000	1.264045	
19.000000	0.000000	5.062500	1.334270	
20.000000	0.000000	4.625000	1.404494	
21.000000	0.000000	5.437500	1.474719	
22.000000	0.000000	5.375000	1.544944	
23.000000	39.375000	5.562500	1.615169	
24.000000	115.000000	5.187500	1.685393	
25.000000	0.000000	5.062500	1.755618	
26.000000	9.875000	5.250000	1.825843	
27.000000	2.562500	4.750000	1.896067	
28.000000	4.000000	4.812500	1.966292	
29.000000	125.937500	5.437500	2.036517	
30.000000	893.250000	7.250000	2.106742	
31.000000	516.625000	6.187500	2.176966	
32.000000	452.625000	5.812500	2.247191	
33.000000	1066.625000	8.125000	2.317416	
34.000000	674.187500	7.062500	2.387640	
35.000000	420.750000	7.000000	2.457865	
36.000000	975.250000	7.812500	2.528090	
37.000000	1902.687500	9.937500	2.598315	
38.000000	4992.687500	15.625000	2.668539	
39.000000	1360.375000	8.875000	2.738764	
40.000000	3656.500000	14.437500	2.808989	
41.000000	3240.125000	13.062500	2.879214	
42.000000	4935.000000	19.875000	2.949438	
43.000000	6471.375000	20.437500	3.019663	
44.000000	2300.062500	12.250000	3.089888	
45.000000	4777.312500	19.437500	3.160112	
46.000000	5566.000000	21.250000	3.230337	
47.000000	5929.750000	22.937500	3.300562	
48.000000	7259.750000	26.250000	3.370786	
49.000000	9377.625000	30.937500	3.441011	
50.000000	6784.437500	27.625000	3.511236	
51.000000	7547.812500	27.687500	3.581461	
52.000000	8066.625000	29.750000	3.651685	
53.000000	6306.375000	22.687500	3.721910	
54.000000	11535.687500	36.812500	3.792135	
55.000000	9869.312500	37.250000	3.862360	
56.000000	7388.000000	28.437500	3.932584	
57.000000	6935.437500	26.750000	4.002809	
58.000000	12279.187500	43.500000	4.073034	
59.000000	18072.312500	58.250000	4.143259	
60.000000	9493.062500	32.687500	4.213483	
61.000000	13689.062500	49.312500	4.283708	
62.000000	13513.937500	45.750000	4.353932	
63.000000	20216.625000	64.500000	4.424157	
64.000000	11349.562500	38.062500	4.494382	
