#NUM_THREADS
2.000000	0.000000	0.187500	0.154321	
3.000000	0.000000	0.062500	0.231481	
4.000000	0.000000	0.687500	0.308642	
5.000000	0.000000	1.000000	0.385802	
6.000000	0.000000	1.187500	0.462963	
7.000000	0.000000	1.437500	0.540123	
8.000000	0.000000	1.812500	0.617284	
9.000000	0.000000	1.812500	0.694444	
10.000000	0.000000	2.687500	0.771605	
11.000000	0.000000	2.437500	0.848765	
12.000000	0.000000	2.937500	0.925926	
13.000000	0.000000	3.187500	1.003086	
14.000000	0.000000	3.250000	1.080247	
15.000000	0.000000	3.750000	1.157407	
16.000000	0.000000	4.500000	1.234568	
17.000000	0.000000	4.812500	1.311728	
18.000000	0.000000	4.875000	1.388889	
19.000000	0.000000	4.187500	1.466049	
20.000000	0.000000	4.687500	1.543210	
21.000000	0.000000	5.375000	1.620370	
22.000000	0.000000	4.812500	1.697531	
23.000000	34.125000	5.125000	1.774691	
24.000000	281.500000	4.437500	1.851852	
25.000000	85.187500	5.250000	1.929012	
26.000000	2753.000000	7.187500	2.006173	
27.000000	553.312500	6.750000	2.083333	
28.000000	543.312500	6.000000	2.160494	
29.000000	1921.562500	8.562500	2.237654	
30.000000	627.625000	6.000000	2.314815	
31.000000	513.875000	6.562500	2.391975	
32.000000	662.312500	6.250000	2.469136	
33.000000	871.250000	7.750000	2.546296	
34.000000	4718.375000	14.500000	2.623457	
35.000000	63.500000	5.750000	2.700617	
36.000000	997.000000	7.625000	2.777778	
37.000000	1848.875000	10.375000	2.854938	
38.000000	2011.875000	10.312500	2.932099	
39.000000	2351.062500	11.437500	3.009259	
40.000000	3743.375000	14.062500	3.086420	
41.000000	3610.625000	14.375000	3.163580	
42.000000	4116.250000	15.750000	3.240741	
43.000000	3682.687500	14.500000	3.317901	
44.000000	6260.687500	26.750000	3.395062	
45.000000	3488.625000	15.500000	3.472222	
46.000000	6728.625000	24.750000	3.549383	
47.000000	4506.625000	18.875000	3.626543	
48.000000	9359.875000	32.437500	3.703704	
49.000000	8039.187500	29.625000	3.780864	
50.000000	6701.125000	25.000000	3.858025	
51.000000	8622.312500	31.000000	3.935185	
52.000000	19083.000000	55.562500	4.012346	
53.000000	9128.750000	31.562500	4.089506	
54.000000	12270.562500	41.312500	4.166667	
55.000000	14581.812500	49.500000	4.243827	
56.000000	24384.250000	79.000000	4.320988	
57.000000	8099.187500	30.312500	4.398148	
58.000000	12288.000000	40.875000	4.475308	
59.000000	11731.375000	41.812500	4.552469	
60.000000	8864.687500	31.500000	4.629630	
61.000000	13534.812500	46.125000	4.706790	
62.000000	15457.500000	48.687500	4.783951	
63.000000	14023.062500	49.562500	4.861111	
64.000000	10424.062500	38.500000	4.938272	
