#NUM_THREADS
2.000000	0.000000	0.000000	12.500000	
3.000000	180.875000	0.687500	18.750000	
4.000000	514.437500	1.000000	25.000000	
5.000000	1396.062500	1.562500	31.250000	
6.000000	3378.250000	2.750000	37.500000	
7.000000	3084.812500	3.812500	43.750000	
8.000000	1947.750000	4.062500	50.000000	
9.000000	4054.875000	6.750000	56.250000	
10.000000	4953.250000	9.312500	62.500000	
11.000000	5104.437500	10.375000	68.750000	
12.000000	6268.687500	12.812500	75.000000	
13.000000	5305.437500	12.687500	81.250000	
14.000000	5919.562500	14.687500	87.500000	
15.000000	8599.500000	18.187500	93.750000	
16.000000	7240.375000	18.187500	100.000000	
17.000000	7674.937500	20.437500	106.250000	
18.000000	9742.187500	26.312500	112.500000	
19.000000	7641.437500	18.812500	118.750000	
20.000000	10182.625000	24.750000	125.000000	
21.000000	8088.250000	21.937500	131.250000	
22.000000	12716.750000	36.437500	137.500000	
23.000000	17546.250000	48.312500	143.750000	
24.000000	8660.812500	21.562500	150.000000	
25.000000	9962.812500	26.437500	156.250000	
26.000000	18831.937500	57.937500	162.500000	
27.000000	11994.000000	29.312500	168.750000	
28.000000	20517.687500	70.812500	175.000000	
29.000000	17613.562500	59.125000	181.250000	
30.000000	23867.250000	79.687500	187.500000	
31.000000	19980.375000	69.125000	193.750000	
32.000000	21440.437500	74.562500	200.000000	
33.000000	25013.562500	87.687500	206.250000	
34.000000	26057.687500	91.437500	212.500000	
35.000000	25011.750000	80.562500	218.750000	
36.000000	25307.000000	84.625000	225.000000	
37.000000	25866.125000	81.062500	231.250000	
38.000000	32333.125000	87.000000	237.500000	
39.000000	31502.312500	104.500000	243.750000	
40.000000	39095.625000	127.812500	250.000000	
41.000000	30465.062500	97.812500	256.250000	
42.000000	35101.312500	118.625000	262.500000	
43.000000	35771.375000	100.312500	268.750000	
44.000000	39832.437500	121.937500	275.000000	
45.000000	33396.062500	111.375000	281.250000	
46.000000	39147.375000	137.250000	287.500000	
47.000000	37611.437500	117.500000	293.750000	
48.000000	43743.312500	142.437500	300.000000	
49.000000	38168.937500	123.562500	306.250000	
50.000000	37138.000000	129.750000	312.500000	
51.000000	48340.750000	165.750000	318.750000	
52.000000	47299.625000	150.375000	325.000000	
53.000000	33175.437500	96.187500	331.250000	
54.000000	43812.937500	150.625000	337.500000	
55.000000	57251.500000	200.562500	343.750000	
56.000000	62991.875000	225.000000	350.000000	
57.000000	56626.437500	200.375000	356.250000	
58.000000	57692.312500	207.375000	362.500000	
59.000000	52398.437500	178.312500	368.750000	
60.000000	69642.437500	252.687500	375.000000	
61.000000	49213.375000	177.812500	381.250000	
62.000000	62955.187500	227.937500	387.500000	
63.000000	74611.375000	253.750000	393.750000	
64.000000	64358.187500	223.187500	400.000000	
