#NUM_THREADS
2.000000	0.000000	0.000000	0.067568	
3.000000	0.000000	0.062500	0.101351	
4.000000	0.000000	1.000000	0.135135	
5.000000	0.000000	1.125000	0.168919	
6.000000	0.000000	1.250000	0.202703	
7.000000	0.000000	1.625000	0.236486	
8.000000	0.000000	1.562500	0.270270	
9.000000	0.000000	1.937500	0.304054	
10.000000	0.000000	2.437500	0.337838	
11.000000	0.000000	2.937500	0.371622	
12.000000	0.000000	3.187500	0.405405	
13.000000	0.000000	3.812500	0.439189	
14.000000	0.000000	4.312500	0.472973	
15.000000	0.000000	4.187500	0.506757	
16.000000	0.000000	4.187500	0.540541	
17.000000	0.000000	4.375000	0.574324	
18.000000	0.000000	5.187500	0.608108	
19.000000	0.000000	5.187500	0.641892	
20.000000	0.000000	5.750000	0.675676	
21.000000	0.000000	5.812500	0.709459	
22.000000	0.000000	6.062500	0.743243	
23.000000	0.000000	6.500000	0.777027	
24.000000	0.000000	6.437500	0.810811	
25.000000	0.000000	6.312500	0.844595	
26.000000	0.000000	6.812500	0.878378	
27.000000	0.000000	7.062500	0.912162	
28.000000	0.000000	6.812500	0.945946	
29.000000	0.000000	8.000000	0.979730	
30.000000	0.000000	7.812500	1.013514	
31.000000	0.000000	8.250000	1.047297	
32.000000	0.000000	7.937500	1.081081	
33.000000	0.000000	7.250000	1.114865	
34.000000	0.000000	7.687500	1.148649	
35.000000	0.000000	8.062500	1.182432	
36.000000	75.250000	8.187500	1.216216	
37.000000	0.000000	9.000000	1.250000	
38.000000	0.000000	9.000000	1.283784	
39.000000	0.000000	8.125000	1.317568	
40.000000	0.000000	8.625000	1.351351	
41.000000	0.000000	8.500000	1.385135	
42.000000	0.000000	8.500000	1.418919	
43.000000	0.000000	8.437500	1.452703	
44.000000	0.000000	8.500000	1.486486	
45.000000	0.000000	9.062500	1.520270	
46.000000	112.812500	8.750000	1.554054	
47.000000	2.250000	7.750000	1.587838	
48.000000	250.812500	8.187500	1.621622	
49.000000	111.812500	8.812500	1.655405	
50.000000	66.500000	8.937500	1.689189	
51.000000	103.250000	8.562500	1.722973	
52.000000	215.250000	9.125000	1.756757	
53.000000	267.125000	9.875000	1.790541	
54.000000	336.375000	9.375000	1.824324	
55.000000	969.500000	10.437500	1.858108	
56.000000	159.687500	9.375000	1.891892	
57.000000	1270.062500	12.000000	1.925676	
58.000000	2966.437500	17.250000	1.959459	
59.000000	3016.250000	16.062500	1.993243	
60.000000	1050.312500	11.250000	2.027027	
61.000000	937.312500	11.750000	2.060811	
62.000000	1500.500000	13.125000	2.094594	
63.000000	1561.000000	12.375000	2.128378	
64.000000	2421.125000	16.375000	2.162162	
