#NUM_THREADS
2.000000	0.000000	0.062500	0.070621	
3.000000	0.000000	0.125000	0.105932	
4.000000	0.000000	0.000000	0.141243	
5.000000	0.000000	0.375000	0.176554	
6.000000	0.000000	1.437500	0.211864	
7.000000	0.000000	1.687500	0.247175	
8.000000	0.000000	1.875000	0.282486	
9.000000	0.000000	2.500000	0.317797	
10.000000	0.000000	2.375000	0.353107	
11.000000	0.000000	3.000000	0.388418	
12.000000	0.000000	3.125000	0.423729	
13.000000	0.000000	3.437500	0.459040	
14.000000	0.000000	3.812500	0.494350	
15.000000	0.000000	3.500000	0.529661	
16.000000	0.000000	4.812500	0.564972	
17.000000	0.000000	4.625000	0.600282	
18.000000	0.000000	5.375000	0.635593	
19.000000	0.000000	5.000000	0.670904	
20.000000	0.000000	5.000000	0.706215	
21.000000	0.000000	5.812500	0.741525	
22.000000	0.000000	5.812500	0.776836	
23.000000	0.000000	5.812500	0.812147	
24.000000	0.000000	6.500000	0.847458	
25.000000	0.000000	6.687500	0.882768	
26.000000	0.000000	6.562500	0.918079	
27.000000	0.000000	6.687500	0.953390	
28.000000	0.000000	6.750000	0.988701	
29.000000	0.000000	7.125000	1.024011	
30.000000	0.000000	7.000000	1.059322	
31.000000	0.000000	7.625000	1.094633	
32.000000	0.000000	8.000000	1.129943	
33.000000	0.000000	8.250000	1.165254	
34.000000	0.000000	8.125000	1.200565	
35.000000	0.000000	8.062500	1.235876	
36.000000	0.000000	8.500000	1.271186	
37.000000	0.000000	7.562500	1.306497	
38.000000	0.000000	7.625000	1.341808	
39.000000	0.000000	8.187500	1.377119	
40.000000	0.000000	7.875000	1.412429	
41.000000	47.625000	8.250000	1.447740	
42.000000	0.000000	8.312500	1.483051	
43.000000	0.000000	7.750000	1.518362	
44.000000	74.250000	7.687500	1.553672	
45.000000	163.687500	8.562500	1.588983	
46.000000	0.000000	7.937500	1.624294	
47.000000	201.062500	7.562500	1.659605	
48.000000	208.687500	8.812500	1.694915	
49.000000	430.312500	8.437500	1.730226	
50.000000	0.000000	8.250000	1.765537	
51.000000	339.125000	8.937500	1.800847	
52.000000	1136.812500	10.375000	1.836158	
53.000000	764.937500	10.125000	1.871469	
54.000000	467.937500	9.500000	1.906780	
55.000000	1208.750000	11.187500	1.942090	
56.000000	3093.500000	17.000000	1.977401	
57.000000	754.687500	10.750000	2.012712	
58.000000	1164.062500	11.312500	2.048023	
59.000000	1827.687500	13.375000	2.083333	
60.000000	1498.937500	12.500000	2.118644	
61.000000	4002.812500	18.750000	2.153955	
62.000000	1314.187500	11.937500	2.189265	
63.000000	1464.125000	14.187500	2.224576	
64.000000	1436.937500	12.187500	2.259887	
