#NUM_THREADS
2.000000	0.000000	0.000000	0.081699	
3.000000	0.000000	0.062500	0.122549	
4.000000	0.000000	0.875000	0.163399	
5.000000	0.000000	0.875000	0.204248	
6.000000	0.000000	1.062500	0.245098	
7.000000	0.000000	1.500000	0.285948	
8.000000	0.000000	2.000000	0.326797	
9.000000	0.000000	2.062500	0.367647	
10.000000	0.000000	2.625000	0.408497	
11.000000	0.000000	2.875000	0.449346	
12.000000	0.000000	2.687500	0.490196	
13.000000	0.000000	3.562500	0.531046	
14.000000	0.000000	3.750000	0.571895	
15.000000	0.000000	4.437500	0.612745	
16.000000	0.000000	4.125000	0.653595	
17.000000	0.000000	4.562500	0.694444	
18.000000	0.000000	4.937500	0.735294	
19.000000	0.000000	4.562500	0.776144	
20.000000	0.000000	5.500000	0.816993	
21.000000	0.000000	5.687500	0.857843	
22.000000	0.000000	5.937500	0.898693	
23.000000	0.000000	5.812500	0.939542	
24.000000	0.000000	6.125000	0.980392	
25.000000	0.000000	6.562500	1.021242	
26.000000	0.000000	6.687500	1.062091	
27.000000	0.000000	6.625000	1.102941	
28.000000	0.000000	6.812500	1.143791	
29.000000	0.000000	7.000000	1.184641	
30.000000	0.000000	6.562500	1.225490	
31.000000	0.000000	6.875000	1.266340	
32.000000	0.000000	7.937500	1.307190	
33.000000	0.000000	7.750000	1.348039	
34.000000	0.000000	7.312500	1.388889	
35.000000	0.000000	7.687500	1.429739	
36.000000	41.937500	7.812500	1.470588	
37.000000	31.437500	8.437500	1.511438	
38.000000	0.000000	7.750000	1.552288	
39.000000	0.000000	7.812500	1.593137	
40.000000	0.000000	8.000000	1.633987	
41.000000	122.937500	8.062500	1.674837	
42.000000	55.875000	7.187500	1.715686	
43.000000	82.562500	7.687500	1.756536	
44.000000	215.500000	7.187500	1.797386	
45.000000	394.250000	8.437500	1.838235	
46.000000	463.937500	9.062500	1.879085	
47.000000	517.312500	9.250000	1.919935	
48.000000	370.250000	8.375000	1.960784	
49.000000	1071.562500	10.062500	2.001634	
50.000000	886.812500	9.625000	2.042484	
51.000000	226.250000	8.250000	2.083333	
52.000000	1282.875000	11.000000	2.124183	
53.000000	1597.750000	11.937500	2.165033	
54.000000	3368.875000	17.000000	2.205882	
55.000000	1115.375000	10.562500	2.246732	
56.000000	3321.750000	17.937500	2.287582	
57.000000	2286.625000	13.437500	2.328431	
58.000000	1176.625000	11.437500	2.369281	
59.000000	5629.937500	23.375000	2.410131	
60.000000	5415.437500	24.250000	2.450980	
61.000000	8174.937500	34.000000	2.491830	
62.000000	4230.937500	20.812500	2.532680	
63.000000	5136.625000	25.125000	2.573529	
64.000000	4351.500000	19.250000	2.614379	
