#NUM_THREADS
2.000000	0.000000	0.000000	0.096899	
3.000000	0.000000	0.000000	0.145349	
4.000000	0.000000	0.187500	0.193798	
5.000000	0.000000	0.687500	0.242248	
6.000000	0.000000	1.000000	0.290698	
7.000000	0.000000	1.375000	0.339147	
8.000000	0.000000	2.000000	0.387597	
9.000000	0.000000	2.812500	0.436047	
10.000000	0.000000	2.500000	0.484496	
11.000000	0.000000	2.875000	0.532946	
12.000000	0.000000	3.312500	0.581395	
13.000000	0.000000	3.312500	0.629845	
14.000000	0.000000	4.312500	0.678295	
15.000000	0.000000	3.937500	0.726744	
16.000000	0.000000	4.125000	0.775194	
17.000000	0.000000	4.750000	0.823643	
18.000000	0.000000	5.000000	0.872093	
19.000000	0.000000	4.250000	0.920543	
20.000000	0.000000	5.312500	0.968992	
21.000000	0.000000	5.625000	1.017442	
22.000000	0.000000	5.562500	1.065892	
23.000000	0.000000	6.187500	1.114341	
24.000000	0.000000	6.375000	1.162791	
25.000000	0.000000	7.000000	1.211240	
26.000000	0.000000	6.875000	1.259690	
27.000000	0.000000	6.937500	1.308140	
28.000000	0.000000	6.562500	1.356589	
29.000000	0.000000	7.062500	1.405039	
30.000000	0.000000	7.000000	1.453488	
31.000000	0.000000	6.062500	1.501938	
32.000000	0.000000	6.000000	1.550388	
33.000000	9.937500	6.437500	1.598837	
34.000000	0.000000	6.500000	1.647287	
35.000000	0.000000	7.000000	1.695736	
36.000000	0.000000	6.437500	1.744186	
37.000000	0.000000	6.875000	1.792636	
38.000000	0.000000	6.937500	1.841085	
39.000000	110.750000	7.500000	1.889535	
40.000000	290.437500	7.062500	1.937984	
41.000000	869.875000	8.750000	1.986434	
42.000000	27.812500	6.937500	2.034884	
43.000000	1161.187500	9.000000	2.083333	
44.000000	875.812500	8.125000	2.131783	
45.000000	1763.437500	9.937500	2.180233	
46.000000	3864.250000	15.750000	2.228682	
47.000000	2378.625000	12.875000	2.277132	
48.000000	1600.375000	10.250000	2.325581	
49.000000	2667.562500	13.187500	2.374031	
50.000000	2961.875000	14.812500	2.422481	
51.000000	3325.062500	17.625000	2.470930	
52.000000	2385.437500	14.000000	2.519380	
53.000000	3677.562500	16.875000	2.567829	
54.000000	9239.500000	34.062500	2.616279	
55.000000	4744.750000	21.625000	2.664729	
56.000000	5477.437500	20.937500	2.713178	
57.000000	3844.625000	17.312500	2.761628	
58.000000	5264.625000	21.125000	2.810077	
59.000000	4180.687500	17.625000	2.858527	
60.000000	5574.687500	23.625000	2.906977	
61.000000	8809.312500	36.187500	2.955426	
62.000000	7631.750000	28.437500	3.003876	
63.000000	12287.437500	43.875000	3.052325	
64.000000	7701.437500	33.562500	3.100775	
