#NUM_THREADS
2.000000	0.000000	0.000000	0.091241	
3.000000	0.000000	0.000000	0.136861	
4.000000	0.000000	0.500000	0.182482	
5.000000	0.000000	0.875000	0.228102	
6.000000	0.000000	1.000000	0.273723	
7.000000	0.000000	1.250000	0.319343	
8.000000	0.000000	1.937500	0.364964	
9.000000	0.000000	2.500000	0.410584	
10.000000	0.000000	2.937500	0.456204	
11.000000	0.000000	3.062500	0.501825	
12.000000	0.000000	3.250000	0.547445	
13.000000	0.000000	3.500000	0.593066	
14.000000	0.000000	3.625000	0.638686	
15.000000	0.000000	3.937500	0.684307	
16.000000	0.000000	4.812500	0.729927	
17.000000	0.000000	5.000000	0.775547	
18.000000	0.000000	4.875000	0.821168	
19.000000	0.000000	5.000000	0.866788	
20.000000	0.000000	5.500000	0.912409	
21.000000	0.000000	5.437500	0.958029	
22.000000	0.000000	6.000000	1.003650	
23.000000	0.000000	5.562500	1.049270	
24.000000	0.000000	5.750000	1.094890	
25.000000	0.000000	6.187500	1.140511	
26.000000	0.000000	7.000000	1.186131	
27.000000	0.000000	7.187500	1.231752	
28.000000	0.000000	7.250000	1.277372	
29.000000	0.000000	6.937500	1.322993	
30.000000	0.000000	6.875000	1.368613	
31.000000	0.000000	7.437500	1.414234	
32.000000	0.000000	7.375000	1.459854	
33.000000	0.000000	7.500000	1.505474	
34.000000	0.000000	7.750000	1.551095	
35.000000	0.000000	7.000000	1.596715	
36.000000	0.000000	7.562500	1.642336	
37.000000	11.812500	6.937500	1.687956	
38.000000	349.562500	7.375000	1.733577	
39.000000	300.875000	7.250000	1.779197	
40.000000	1256.062500	9.062500	1.824818	
41.000000	1395.625000	7.937500	1.870438	
42.000000	247.000000	7.562500	1.916058	
43.000000	239.062500	7.500000	1.961679	
44.000000	1236.187500	9.250000	2.007299	
45.000000	1184.500000	9.562500	2.052920	
46.000000	1222.125000	9.562500	2.098540	
47.000000	788.562500	9.187500	2.144161	
48.000000	736.312500	9.250000	2.189781	
49.000000	2876.125000	13.312500	2.235401	
50.000000	917.750000	9.062500	2.281022	
51.000000	1344.625000	10.187500	2.326642	
52.000000	3307.125000	15.625000	2.372263	
53.000000	4204.375000	16.500000	2.417883	
54.000000	2412.250000	12.937500	2.463504	
55.000000	3166.937500	15.875000	2.509124	
56.000000	5311.812500	21.250000	2.554744	
57.000000	3698.937500	16.625000	2.600365	
58.000000	7061.000000	25.625000	2.645985	
59.000000	8334.437500	35.062500	2.691606	
60.000000	5999.562500	22.687500	2.737226	
61.000000	10732.562500	40.625000	2.782847	
62.000000	4407.187500	22.062500	2.828467	
63.000000	16937.625000	55.875000	2.874088	
64.000000	3171.312500	15.937500	2.919708	
