#NUM_THREADS
2.000000	0.000000	0.000000	0.077640	
3.000000	0.000000	0.062500	0.116460	
4.000000	0.000000	0.125000	0.155280	
5.000000	0.000000	0.375000	0.194099	
6.000000	0.000000	1.562500	0.232919	
7.000000	0.000000	1.750000	0.271739	
8.000000	0.000000	1.937500	0.310559	
9.000000	0.000000	1.937500	0.349379	
10.000000	0.000000	2.562500	0.388199	
11.000000	0.000000	2.875000	0.427019	
12.000000	0.000000	3.375000	0.465839	
13.000000	0.000000	3.750000	0.504658	
14.000000	0.000000	3.750000	0.543478	
15.000000	0.000000	3.812500	0.582298	
16.000000	0.000000	4.687500	0.621118	
17.000000	0.000000	4.687500	0.659938	
18.000000	0.000000	4.562500	0.698758	
19.000000	0.000000	4.937500	0.737578	
20.000000	0.000000	5.125000	0.776398	
21.000000	0.000000	5.187500	0.815217	
22.000000	0.000000	6.062500	0.854037	
23.000000	0.000000	5.687500	0.892857	
24.000000	0.000000	6.000000	0.931677	
25.000000	0.000000	6.687500	0.970497	
26.000000	0.000000	6.375000	1.009317	
27.000000	0.000000	6.750000	1.048137	
28.000000	0.000000	6.937500	1.086957	
29.000000	0.000000	7.000000	1.125776	
30.000000	0.000000	7.437500	1.164596	
31.000000	0.000000	8.187500	1.203416	
32.000000	0.000000	7.562500	1.242236	
33.000000	0.000000	7.750000	1.281056	
34.000000	0.000000	8.062500	1.319876	
35.000000	0.000000	8.187500	1.358696	
36.000000	0.000000	7.562500	1.397516	
37.000000	0.000000	7.625000	1.436335	
38.000000	0.000000	7.937500	1.475155	
39.000000	0.000000	8.437500	1.513975	
40.000000	0.000000	7.687500	1.552795	
41.000000	0.000000	7.625000	1.591615	
42.000000	0.000000	7.625000	1.630435	
43.000000	164.625000	7.437500	1.669255	
44.000000	0.000000	8.000000	1.708075	
45.000000	187.000000	7.687500	1.746894	
46.000000	114.625000	7.937500	1.785714	
47.000000	850.937500	9.312500	1.824534	
48.000000	9.375000	7.875000	1.863354	
49.000000	853.937500	9.875000	1.902174	
50.000000	883.562500	9.875000	1.940994	
51.000000	1177.125000	11.000000	1.979814	
52.000000	1826.437500	11.500000	2.018634	
53.000000	1756.125000	12.875000	2.057453	
54.000000	3555.375000	16.562500	2.096273	
55.000000	2274.875000	13.750000	2.135093	
56.000000	1225.750000	11.875000	2.173913	
57.000000	1823.750000	12.562500	2.212733	
58.000000	4346.125000	20.562500	2.251553	
59.000000	3674.750000	17.312500	2.290373	
60.000000	1120.687500	11.375000	2.329193	
61.000000	3338.937500	17.312500	2.368012	
62.000000	3718.625000	20.750000	2.406832	
63.000000	5159.375000	21.750000	2.445652	
64.000000	4269.187500	20.562500	2.484472	
