#NUM_THREADS
2.000000	0.000000	0.062500	0.086207	
3.000000	0.000000	0.000000	0.129310	
4.000000	0.000000	0.125000	0.172414	
5.000000	0.000000	0.375000	0.215517	
6.000000	0.000000	1.000000	0.258621	
7.000000	0.000000	0.937500	0.301724	
8.000000	0.000000	1.062500	0.344828	
9.000000	0.000000	1.875000	0.387931	
10.000000	0.000000	2.937500	0.431034	
11.000000	0.000000	2.750000	0.474138	
12.000000	0.000000	3.250000	0.517241	
13.000000	0.000000	3.625000	0.560345	
14.000000	0.000000	3.937500	0.603448	
15.000000	0.000000	3.562500	0.646552	
16.000000	0.000000	4.250000	0.689655	
17.000000	0.000000	4.437500	0.732759	
18.000000	0.000000	4.812500	0.775862	
19.000000	0.000000	4.875000	0.818965	
20.000000	0.000000	5.000000	0.862069	
21.000000	0.000000	5.687500	0.905172	
22.000000	0.000000	5.562500	0.948276	
23.000000	0.000000	5.500000	0.991379	
24.000000	0.000000	6.250000	1.034483	
25.000000	0.000000	6.500000	1.077586	
26.000000	0.000000	6.937500	1.120690	
27.000000	0.000000	7.000000	1.163793	
28.000000	0.000000	6.875000	1.206897	
29.000000	0.000000	7.187500	1.250000	
30.000000	0.000000	7.625000	1.293103	
31.000000	0.000000	7.500000	1.336207	
32.000000	0.000000	7.062500	1.379310	
33.000000	0.000000	6.375000	1.422414	
34.000000	0.000000	6.062500	1.465517	
35.000000	0.000000	7.125000	1.508621	
36.000000	0.000000	7.250000	1.551724	
37.000000	0.000000	7.687500	1.594828	
38.000000	0.000000	7.562500	1.637931	
39.000000	0.312500	7.812500	1.681034	
40.000000	472.937500	8.437500	1.724138	
41.000000	310.562500	7.750000	1.767241	
42.000000	1.625000	7.125000	1.810345	
43.000000	354.375000	7.625000	1.853448	
44.000000	379.312500	8.125000	1.896552	
45.000000	1059.125000	9.375000	1.939655	
46.000000	1418.687500	10.000000	1.982759	
47.000000	2469.562500	11.812500	2.025862	
48.000000	1602.687500	10.312500	2.068965	
49.000000	1304.750000	11.062500	2.112069	
50.000000	1433.437500	10.312500	2.155172	
51.000000	3331.250000	17.562500	2.198276	
52.000000	1134.875000	10.250000	2.241379	
53.000000	1149.937500	10.812500	2.284483	
54.000000	1636.937500	11.625000	2.327586	
55.000000	2568.312500	14.562500	2.370690	
56.000000	4798.000000	21.062500	2.413793	
57.000000	1481.500000	12.187500	2.456897	
58.000000	5592.250000	23.500000	2.500000	
59.000000	4283.812500	20.500000	2.543103	
60.000000	3498.750000	18.187500	2.586207	
61.000000	6150.437500	24.500000	2.629310	
62.000000	8324.562500	36.875000	2.672414	
63.000000	6690.125000	29.937500	2.715517	
64.000000	3454.437500	18.375000	2.758621	
