#NUM_THREADS
2.000000	0.000000	0.062500	0.735294	
3.000000	0.000000	0.000000	1.102941	
4.000000	892.500000	0.812500	1.470588	
5.000000	0.000000	1.000000	1.838235	
6.000000	39.125000	1.187500	2.205882	
7.000000	212.750000	1.750000	2.573529	
8.000000	513.750000	2.375000	2.941176	
9.000000	392.062500	2.375000	3.308824	
10.000000	830.937500	3.375000	3.676471	
11.000000	878.500000	3.125000	4.044117	
12.000000	1929.000000	5.500000	4.411765	
13.000000	2206.562500	5.000000	4.779412	
14.000000	2313.812500	6.625000	5.147059	
15.000000	2412.875000	7.250000	5.514706	
16.000000	2887.875000	7.937500	5.882353	
17.000000	2166.375000	6.187500	6.250000	
18.000000	2560.375000	7.750000	6.617647	
19.000000	3192.062500	9.375000	6.985294	
20.000000	4984.750000	12.250000	7.352941	
21.000000	3940.062500	12.375000	7.720588	
22.000000	4305.437500	11.562500	8.088235	
23.000000	6627.500000	18.750000	8.455882	
24.000000	7429.062500	21.812500	8.823529	
25.000000	7408.625000	22.125000	9.191176	
26.000000	8751.937500	25.937500	9.558824	
27.000000	9116.187500	26.312500	9.926471	
28.000000	11902.312500	39.125000	10.294118	
29.000000	12854.812500	42.937500	10.661765	
30.000000	13901.375000	42.937500	11.029411	
31.000000	14861.500000	45.625000	11.397058	
32.000000	16087.312500	53.500000	11.764706	
33.000000	16699.812500	52.375000	12.132353	
34.000000	12146.500000	36.062500	12.500000	
35.000000	16347.750000	49.812500	12.867647	
36.000000	17328.750000	56.625000	13.235294	
37.000000	22803.750000	70.375000	13.602942	
38.000000	25328.812500	79.000000	13.970589	
39.000000	17040.812500	51.125000	14.338235	
40.000000	25591.562500	71.312500	14.705882	
41.000000	17292.062500	54.750000	15.073529	
42.000000	17525.125000	52.375000	15.441176	
43.000000	27335.875000	77.812500	15.808824	
44.000000	29942.687500	96.312500	16.176470	
45.000000	29074.437500	101.437500	16.544117	
46.000000	32656.687500	110.062500	16.911764	
47.000000	24150.375000	74.125000	17.279411	
48.000000	32004.937500	102.750000	17.647058	
49.000000	30298.375000	96.375000	18.014706	
50.000000	32974.750000	108.562500	18.382353	
51.000000	33175.750000	110.062500	18.750000	
52.000000	25511.062500	78.500000	19.117647	
53.000000	41787.562500	149.375000	19.485294	
54.000000	41793.062500	133.500000	19.852942	
55.000000	39579.687500	125.875000	20.220589	
56.000000	32405.312500	97.562500	20.588236	
57.000000	37490.250000	116.500000	20.955883	
58.000000	37588.250000	115.187500	21.323530	
59.000000	38032.187500	123.437500	21.691177	
60.000000	46675.375000	146.250000	22.058823	
61.000000	49161.375000	158.187500	22.426470	
62.000000	40332.812500	132.687500	22.794117	
63.000000	43827.750000	140.000000	23.161764	
64.000000	39737.562500	131.937500	23.529411	
