#NUM_THREADS
2.000000	0.000000	0.000000	0.073964	
3.000000	0.000000	0.000000	0.110947	
4.000000	0.000000	1.000000	0.147929	
5.000000	0.000000	1.000000	0.184911	
6.000000	0.000000	1.187500	0.221893	
7.000000	0.000000	1.500000	0.258876	
8.000000	0.000000	1.750000	0.295858	
9.000000	0.000000	2.375000	0.332840	
10.000000	0.000000	1.937500	0.369822	
11.000000	0.000000	2.875000	0.406805	
12.000000	0.000000	3.125000	0.443787	
13.000000	0.000000	3.312500	0.480769	
14.000000	0.000000	3.562500	0.517751	
15.000000	0.000000	4.250000	0.554734	
16.000000	0.000000	5.000000	0.591716	
17.000000	0.000000	4.375000	0.628698	
18.000000	0.000000	4.875000	0.665680	
19.000000	0.000000	5.312500	0.702663	
20.000000	0.000000	5.062500	0.739645	
21.000000	0.000000	5.687500	0.776627	
22.000000	0.000000	5.625000	0.813609	
23.000000	0.000000	6.625000	0.850592	
24.000000	0.000000	6.625000	0.887574	
25.000000	0.000000	6.437500	0.924556	
26.000000	0.000000	6.687500	0.961538	
27.000000	0.000000	6.937500	0.998521	
28.000000	0.000000	6.812500	1.035503	
29.000000	0.000000	6.937500	1.072485	
30.000000	0.000000	7.750000	1.109468	
31.000000	0.000000	7.812500	1.146450	
32.000000	0.000000	7.750000	1.183432	
33.000000	0.000000	8.062500	1.220414	
34.000000	0.000000	7.687500	1.257396	
35.000000	0.000000	7.625000	1.294379	
36.000000	0.000000	8.062500	1.331361	
37.000000	0.000000	8.562500	1.368343	
38.000000	0.000000	8.312500	1.405325	
39.000000	91.062500	8.562500	1.442308	
40.000000	0.000000	8.062500	1.479290	
41.000000	0.000000	7.562500	1.516272	
42.000000	72.250000	7.812500	1.553254	
43.000000	163.750000	7.187500	1.590237	
44.000000	308.875000	8.375000	1.627219	
45.000000	165.937500	8.062500	1.664201	
46.000000	30.750000	7.937500	1.701183	
47.000000	294.500000	8.250000	1.738166	
48.000000	359.937500	8.500000	1.775148	
49.000000	587.937500	9.375000	1.812130	
50.000000	315.187500	8.562500	1.849112	
51.000000	144.125000	8.750000	1.886095	
52.000000	779.187500	10.250000	1.923077	
53.000000	1686.375000	11.562500	1.960059	
54.000000	2538.500000	13.562500	1.997041	
55.000000	1272.937500	11.437500	2.034024	
56.000000	1267.687500	11.125000	2.071006	
57.000000	1651.875000	11.875000	2.107988	
58.000000	2255.312500	15.812500	2.144970	
59.000000	3025.937500	16.750000	2.181953	
60.000000	1556.062500	12.062500	2.218935	
61.000000	3117.437500	17.562500	2.255917	
62.000000	3985.687500	19.500000	2.292899	
63.000000	3849.375000	20.437500	2.329882	
64.000000	3653.937500	17.875000	2.366864	
