#NUM_THREADS
1.77778
0
0
0.8547
2.35294
0
0.0588235
1.13122
2.88
0
0.24
1.38462
3.39394
10.0606
0.363636
1.6317
3.90244
12.6098
0.487805
1.87617
4.40816
37.551
0.612245
2.11931
4.91228
128.947
0.859649
2.36167
5.41538
832
1.33846
2.60355
5.91781
1081.62
1.75342
2.8451
6.41975
1155.72
2.06173
3.08642
6.92135
1215.83
2.34831
3.32757
7.42268
1317.68
2.7732
3.5686
7.92381
1461.63
3.22857
3.80952
8.42478
1559.57
3.50442
4.05037
8.92562
1733.17
3.93388
4.29116
9.42636
1874.22
4.32558
4.5319
9.92701
1992.75
4.71533
4.7726
10.4276
2212.66
5.34483
5.01326
10.9281
2400.48
5.85621
5.2539
11.4286
2703.98
6.70186
5.49451
11.929
2911.37
7.32544
5.73509
12.4294
3130.68
7.96045
5.97566
12.9297
3305.77
8.41622
6.21622
13.4301
3515.11
9.01554
6.45676
13.9303
3622.89
9.39303
6.69728
14.4306
3884.94
10.2632
6.9378
14.9309
4132.42
11.1382
7.17831
15.4311
4495.04
12.2578
7.4188
15.9313
4744.99
13.2446
7.65929
16.4315
4911.07
13.9087
7.89978
16.9317
5332.53
15.1406
8.14025
17.4319
5523.7
15.7743
8.38072
17.9321
5833.98
16.883
8.62119
18.4322
6145
17.8681
8.86165
18.9324
6450.05
18.8861
9.10211
19.4325
6826.01
19.9758
9.34256
19.9327
7227.18
20.9798
9.58301
20.4328
7583.74
22.118
9.82346
20.9329
8049.65
23.6677
10.0639
21.433
8182.21
24.0249
10.3043
21.9331
8438
24.7082
10.5448
22.4332
8793.26
25.8872
10.7852
22.9333
9047.34
26.5971
11.0256
23.4334
9426.91
27.7054
11.2661
23.9335
9845.88
28.8975
11.5065
24.4336
10199.6
29.8428
11.7469
24.9337
10406.9
30.1512
11.9873
25.4338
11039.3
32.161
12.2278
25.9338
11335.2
33.0458
12.4682
26.4339
11899
34.8703
12.7086
26.934
12416.3
36.5501
12.949
27.4341
12769.3
37.7818
13.1894
27.9341
13264.2
39.3694
13.4299
28.4342
13581
40.3672
13.6703
28.9342
14060.2
41.9229
13.9107
29.4343
14685.2
43.6726
14.1511
29.9344
15494.8
46.6236
14.3915
30.4344
15807.1
47.6301
14.6319
30.9345
16505.6
49.9915
14.8723
31.4345
16949.4
51.3763
15.1127
31.9346
17448.3
53.0859
15.3532
32.4346
17813.1
54.3944
15.5936
32.9347
18406.4
56.5446
15.834
