#NUM_THREADS
2.000000	0.000000	0.000000	0.053648	
3.000000	0.000000	0.000000	0.080472	
4.000000	0.000000	0.187500	0.107296	
5.000000	0.000000	0.937500	0.134120	
6.000000	0.000000	1.562500	0.160944	
7.000000	0.000000	1.750000	0.187768	
8.000000	0.000000	2.000000	0.214592	
9.000000	0.000000	2.062500	0.241416	
10.000000	0.000000	2.750000	0.268240	
11.000000	0.000000	3.125000	0.295064	
12.000000	0.000000	3.312500	0.321888	
13.000000	0.000000	3.500000	0.348712	
14.000000	0.000000	3.750000	0.375536	
15.000000	0.000000	4.250000	0.402361	
16.000000	0.000000	4.562500	0.429185	
17.000000	0.000000	4.687500	0.456009	
18.000000	0.000000	5.125000	0.482833	
19.000000	0.000000	5.375000	0.509657	
20.000000	0.000000	6.125000	0.536481	
21.000000	0.000000	5.500000	0.563305	
22.000000	0.000000	6.250000	0.590129	
23.000000	0.000000	6.125000	0.616953	
24.000000	0.000000	6.187500	0.643777	
25.000000	0.000000	6.500000	0.670601	
26.000000	0.000000	6.750000	0.697425	
27.000000	0.000000	7.312500	0.724249	
28.000000	0.000000	7.187500	0.751073	
29.000000	0.000000	7.187500	0.777897	
30.000000	0.000000	7.250000	0.804721	
31.000000	0.000000	8.375000	0.831545	
32.000000	0.000000	7.562500	0.858369	
33.000000	0.000000	8.062500	0.885193	
34.000000	0.000000	8.062500	0.912017	
35.000000	0.000000	8.312500	0.938841	
36.000000	0.000000	7.687500	0.965665	
37.000000	0.000000	9.125000	0.992489	
38.000000	0.000000	8.812500	1.019313	
39.000000	0.000000	9.250000	1.046137	
40.000000	0.000000	9.250000	1.072961	
41.000000	0.000000	8.937500	1.099785	
42.000000	0.000000	9.000000	1.126609	
43.000000	0.000000	10.187500	1.153433	
44.000000	0.000000	10.500000	1.180258	
45.000000	0.000000	10.437500	1.207082	
46.000000	0.000000	10.312500	1.233906	
47.000000	0.000000	10.812500	1.260730	
48.000000	0.000000	10.000000	1.287554	
49.000000	0.000000	9.687500	1.314378	
50.000000	0.000000	10.000000	1.341202	
51.000000	33.625000	10.187500	1.368026	
52.000000	96.875000	10.500000	1.394850	
53.000000	0.000000	9.562500	1.421674	
54.000000	0.000000	10.187500	1.448498	
55.000000	69.250000	10.625000	1.475322	
56.000000	0.000000	9.937500	1.502146	
57.000000	0.000000	10.000000	1.528970	
58.000000	316.750000	10.625000	1.555794	
59.000000	518.437500	11.250000	1.582618	
60.000000	0.000000	10.125000	1.609442	
61.000000	310.562500	10.562500	1.636266	
62.000000	622.687500	11.125000	1.663090	
63.000000	82.062500	10.062500	1.689914	
64.000000	945.562500	12.562500	1.716738	
