#NUM_THREADS
2.000000	0.000000	0.000000	0.057604	
3.000000	0.000000	0.000000	0.086406	
4.000000	0.000000	0.125000	0.115207	
5.000000	0.000000	0.812500	0.144009	
6.000000	0.000000	1.000000	0.172811	
7.000000	0.000000	1.375000	0.201613	
8.000000	0.000000	2.125000	0.230415	
9.000000	0.000000	2.312500	0.259217	
10.000000	0.000000	2.250000	0.288018	
11.000000	0.000000	2.937500	0.316820	
12.000000	0.000000	3.437500	0.345622	
13.000000	0.000000	3.125000	0.374424	
14.000000	0.000000	3.562500	0.403226	
15.000000	0.000000	4.375000	0.432028	
16.000000	0.000000	4.375000	0.460829	
17.000000	0.000000	5.062500	0.489631	
18.000000	0.000000	5.312500	0.518433	
19.000000	0.000000	5.062500	0.547235	
20.000000	0.000000	6.062500	0.576037	
21.000000	0.000000	5.687500	0.604839	
22.000000	0.000000	5.625000	0.633641	
23.000000	0.000000	5.812500	0.662442	
24.000000	0.000000	6.500000	0.691244	
25.000000	0.000000	6.437500	0.720046	
26.000000	0.000000	6.625000	0.748848	
27.000000	0.000000	6.812500	0.777650	
28.000000	0.000000	7.125000	0.806452	
29.000000	0.000000	6.937500	0.835253	
30.000000	0.000000	7.812500	0.864055	
31.000000	0.000000	8.000000	0.892857	
32.000000	0.000000	7.625000	0.921659	
33.000000	0.000000	8.812500	0.950461	
34.000000	0.000000	8.062500	0.979263	
35.000000	0.000000	8.250000	1.008065	
36.000000	0.000000	8.437500	1.036866	
37.000000	0.000000	8.937500	1.065668	
38.000000	0.000000	8.687500	1.094470	
39.000000	0.000000	8.937500	1.123272	
40.000000	0.000000	8.687500	1.152074	
41.000000	0.000000	8.875000	1.180876	
42.000000	0.000000	9.750000	1.209677	
43.000000	0.000000	8.812500	1.238479	
44.000000	0.000000	9.375000	1.267281	
45.000000	0.000000	9.687500	1.296083	
46.000000	0.000000	9.875000	1.324885	
47.000000	0.000000	9.625000	1.353687	
48.000000	0.000000	9.875000	1.382488	
49.000000	0.000000	8.812500	1.411290	
50.000000	0.000000	9.312500	1.440092	
51.000000	0.000000	9.750000	1.468894	
52.000000	0.000000	9.500000	1.497696	
53.000000	2.687500	9.375000	1.526498	
54.000000	0.000000	9.500000	1.555300	
55.000000	16.062500	9.062500	1.584101	
56.000000	610.250000	10.000000	1.612903	
57.000000	209.000000	9.500000	1.641705	
58.000000	512.812500	10.375000	1.670507	
59.000000	560.437500	10.750000	1.699309	
60.000000	715.375000	11.562500	1.728111	
61.000000	224.625000	9.875000	1.756912	
62.000000	80.500000	10.062500	1.785714	
63.000000	197.625000	10.625000	1.814516	
64.000000	476.500000	11.437500	1.843318	
