#NUM_THREADS
2.000000	0.000000	0.062500	0.062189	
3.000000	0.000000	0.000000	0.093284	
4.000000	0.000000	0.000000	0.124378	
5.000000	0.000000	0.187500	0.155473	
6.000000	0.000000	0.875000	0.186567	
7.000000	0.000000	1.437500	0.217662	
8.000000	0.000000	1.562500	0.248756	
9.000000	0.000000	1.500000	0.279851	
10.000000	0.000000	2.687500	0.310945	
11.000000	0.000000	2.687500	0.342040	
12.000000	0.000000	3.125000	0.373134	
13.000000	0.000000	4.062500	0.404229	
14.000000	0.000000	3.687500	0.435323	
15.000000	0.000000	4.312500	0.466418	
16.000000	0.000000	4.312500	0.497512	
17.000000	0.000000	4.750000	0.528607	
18.000000	0.000000	5.000000	0.559702	
19.000000	0.000000	5.062500	0.590796	
20.000000	0.000000	5.062500	0.621891	
21.000000	0.000000	5.875000	0.652985	
22.000000	0.000000	5.875000	0.684080	
23.000000	0.000000	5.875000	0.715174	
24.000000	0.000000	5.375000	0.746269	
25.000000	0.000000	6.125000	0.777363	
26.000000	0.000000	7.062500	0.808458	
27.000000	0.000000	6.375000	0.839552	
28.000000	0.000000	7.375000	0.870647	
29.000000	0.000000	7.750000	0.901741	
30.000000	0.000000	7.937500	0.932836	
31.000000	0.000000	7.812500	0.963930	
32.000000	0.000000	8.000000	0.995025	
33.000000	0.000000	7.937500	1.026119	
34.000000	0.000000	8.125000	1.057214	
35.000000	0.000000	7.187500	1.088308	
36.000000	0.000000	8.250000	1.119403	
37.000000	0.000000	8.125000	1.150498	
38.000000	0.000000	8.937500	1.181592	
39.000000	0.000000	8.937500	1.212687	
40.000000	0.000000	9.250000	1.243781	
41.000000	0.000000	9.000000	1.274876	
42.000000	0.000000	8.875000	1.305970	
43.000000	0.000000	9.000000	1.337065	
44.000000	0.000000	8.687500	1.368159	
45.000000	0.000000	9.062500	1.399254	
46.000000	0.000000	9.062500	1.430348	
47.000000	0.000000	8.875000	1.461443	
48.000000	0.000000	8.500000	1.492537	
49.000000	0.000000	8.812500	1.523632	
50.000000	0.000000	8.500000	1.554726	
51.000000	92.500000	9.000000	1.585821	
52.000000	123.125000	9.500000	1.616915	
53.000000	740.000000	10.750000	1.648010	
54.000000	112.562500	9.125000	1.679104	
55.000000	584.000000	9.750000	1.710199	
56.000000	23.500000	9.312500	1.741294	
57.000000	1001.125000	10.812500	1.772388	
58.000000	714.500000	10.687500	1.803483	
59.000000	1610.062500	13.500000	1.834577	
60.000000	2611.562500	16.250000	1.865672	
61.000000	2456.500000	15.562500	1.896766	
62.000000	1566.062500	12.812500	1.927861	
63.000000	1121.625000	12.437500	1.958955	
64.000000	4050.750000	21.062500	1.990050	
