#NUM_THREADS
2.000000	0.000000	0.125000	0.064767	
3.000000	0.000000	0.125000	0.097150	
4.000000	0.000000	0.187500	0.129534	
5.000000	0.000000	0.250000	0.161917	
6.000000	0.000000	0.937500	0.194301	
7.000000	0.000000	1.125000	0.226684	
8.000000	0.000000	1.812500	0.259067	
9.000000	0.000000	2.875000	0.291451	
10.000000	0.000000	2.875000	0.323834	
11.000000	0.000000	2.812500	0.356218	
12.000000	0.000000	2.625000	0.388601	
13.000000	0.000000	3.312500	0.420984	
14.000000	0.000000	3.812500	0.453368	
15.000000	0.000000	4.562500	0.485751	
16.000000	0.000000	4.312500	0.518135	
17.000000	0.000000	4.812500	0.550518	
18.000000	0.000000	4.937500	0.582902	
19.000000	0.000000	4.687500	0.615285	
20.000000	0.000000	5.250000	0.647668	
21.000000	0.000000	5.812500	0.680052	
22.000000	0.000000	6.250000	0.712435	
23.000000	0.000000	6.000000	0.744819	
24.000000	0.000000	6.812500	0.777202	
25.000000	0.000000	6.312500	0.809586	
26.000000	0.000000	6.437500	0.841969	
27.000000	0.000000	7.000000	0.874352	
28.000000	0.000000	7.437500	0.906736	
29.000000	0.000000	7.625000	0.939119	
30.000000	0.000000	7.250000	0.971503	
31.000000	0.000000	8.125000	1.003886	
32.000000	0.000000	7.937500	1.036269	
33.000000	0.000000	8.500000	1.068653	
34.000000	0.000000	8.187500	1.101036	
35.000000	0.000000	8.250000	1.133420	
36.000000	0.000000	8.562500	1.165803	
37.000000	0.000000	9.437500	1.198187	
38.000000	0.000000	8.812500	1.230570	
39.000000	0.000000	8.500000	1.262953	
40.000000	0.000000	8.687500	1.295337	
41.000000	0.000000	8.125000	1.327720	
42.000000	0.000000	8.000000	1.360104	
43.000000	0.000000	8.375000	1.392487	
44.000000	18.187500	8.625000	1.424870	
45.000000	0.000000	8.750000	1.457254	
46.000000	0.000000	8.625000	1.489637	
47.000000	0.000000	8.750000	1.522021	
48.000000	0.000000	8.500000	1.554404	
49.000000	0.000000	8.375000	1.586788	
50.000000	0.000000	9.187500	1.619171	
51.000000	312.062500	9.812500	1.651554	
52.000000	412.500000	9.500000	1.683938	
53.000000	328.062500	9.500000	1.716321	
54.000000	516.687500	10.187500	1.748705	
55.000000	1058.500000	10.625000	1.781088	
56.000000	436.125000	9.500000	1.813472	
57.000000	354.687500	9.937500	1.845855	
58.000000	216.750000	9.750000	1.878238	
59.000000	2120.062500	13.750000	1.910622	
60.000000	1863.125000	13.000000	1.943005	
61.000000	1041.500000	12.437500	1.975389	
62.000000	1597.000000	13.500000	2.007772	
63.000000	3943.312500	20.062500	2.040155	
64.000000	4370.625000	21.312500	2.072539	
