#NUM_THREADS
2.000000	0.000000	0.000000	0.051867	
3.000000	0.000000	0.000000	0.077801	
4.000000	0.000000	0.687500	0.103734	
5.000000	0.000000	0.562500	0.129668	
6.000000	0.000000	1.250000	0.155602	
7.000000	0.000000	1.812500	0.181535	
8.000000	0.000000	2.000000	0.207469	
9.000000	0.000000	2.312500	0.233402	
10.000000	0.000000	2.812500	0.259336	
11.000000	0.000000	3.062500	0.285270	
12.000000	0.000000	3.125000	0.311203	
13.000000	0.000000	3.812500	0.337137	
14.000000	0.000000	4.187500	0.363071	
15.000000	0.000000	4.687500	0.389004	
16.000000	0.000000	4.437500	0.414938	
17.000000	0.000000	4.000000	0.440871	
18.000000	0.000000	4.375000	0.466805	
19.000000	0.000000	5.312500	0.492739	
20.000000	0.000000	5.500000	0.518672	
21.000000	0.000000	5.625000	0.544606	
22.000000	0.000000	5.750000	0.570539	
23.000000	0.000000	6.125000	0.596473	
24.000000	0.000000	6.187500	0.622407	
25.000000	0.000000	6.562500	0.648340	
26.000000	0.000000	6.625000	0.674274	
27.000000	0.000000	7.000000	0.700207	
28.000000	0.000000	6.937500	0.726141	
29.000000	0.000000	7.500000	0.752075	
30.000000	0.000000	7.500000	0.778008	
31.000000	0.000000	6.937500	0.803942	
32.000000	0.000000	7.312500	0.829876	
33.000000	0.000000	7.937500	0.855809	
34.000000	0.000000	8.000000	0.881743	
35.000000	0.000000	8.562500	0.907676	
36.000000	0.000000	8.312500	0.933610	
37.000000	0.000000	8.875000	0.959544	
38.000000	0.000000	8.937500	0.985477	
39.000000	0.000000	9.312500	1.011411	
40.000000	0.000000	9.250000	1.037344	
41.000000	0.000000	9.937500	1.063278	
42.000000	0.000000	9.562500	1.089212	
43.000000	0.000000	9.937500	1.115145	
44.000000	0.000000	8.937500	1.141079	
45.000000	0.000000	10.250000	1.167012	
46.000000	0.000000	10.375000	1.192946	
47.000000	0.000000	10.375000	1.218880	
48.000000	0.000000	10.312500	1.244813	
49.000000	0.000000	9.937500	1.270747	
50.000000	0.000000	9.750000	1.296680	
51.000000	0.000000	9.750000	1.322614	
52.000000	0.000000	9.687500	1.348548	
53.000000	0.000000	9.875000	1.374481	
54.000000	0.000000	10.250000	1.400415	
55.000000	0.000000	9.937500	1.426349	
56.000000	67.562500	10.187500	1.452282	
57.000000	0.812500	9.875000	1.478216	
58.000000	0.000000	10.312500	1.504149	
59.000000	0.000000	10.250000	1.530083	
60.000000	31.687500	9.812500	1.556017	
61.000000	184.750000	10.875000	1.581950	
62.000000	146.125000	10.562500	1.607884	
63.000000	247.250000	10.937500	1.633817	
64.000000	241.062500	11.187500	1.659751	
