#NUM_THREADS
2.000000	0.000000	0.000000	0.059809	
3.000000	0.000000	0.000000	0.089713	
4.000000	0.000000	0.250000	0.119617	
5.000000	0.000000	0.437500	0.149522	
6.000000	0.000000	1.125000	0.179426	
7.000000	0.000000	1.687500	0.209330	
8.000000	0.000000	1.625000	0.239234	
9.000000	0.000000	2.500000	0.269139	
10.000000	0.000000	2.812500	0.299043	
11.000000	0.000000	3.125000	0.328947	
12.000000	0.000000	3.375000	0.358852	
13.000000	0.000000	3.562500	0.388756	
14.000000	0.000000	4.062500	0.418660	
15.000000	0.000000	4.375000	0.448565	
16.000000	0.000000	4.000000	0.478469	
17.000000	0.000000	4.562500	0.508373	
18.000000	0.000000	5.000000	0.538278	
19.000000	0.000000	4.937500	0.568182	
20.000000	0.000000	5.250000	0.598086	
21.000000	0.000000	5.625000	0.627990	
22.000000	0.000000	5.750000	0.657895	
23.000000	0.000000	5.437500	0.687799	
24.000000	0.000000	5.937500	0.717703	
25.000000	0.000000	6.625000	0.747608	
26.000000	0.000000	6.812500	0.777512	
27.000000	0.000000	7.000000	0.807416	
28.000000	0.000000	7.437500	0.837321	
29.000000	0.000000	7.062500	0.867225	
30.000000	0.000000	6.937500	0.897129	
31.000000	0.000000	7.562500	0.927033	
32.000000	0.000000	7.750000	0.956938	
33.000000	0.000000	8.312500	0.986842	
34.000000	0.000000	8.500000	1.016746	
35.000000	0.000000	8.062500	1.046651	
36.000000	0.000000	8.875000	1.076555	
37.000000	0.000000	9.437500	1.106459	
38.000000	0.000000	8.937500	1.136364	
39.000000	0.000000	8.750000	1.166268	
40.000000	0.000000	9.000000	1.196172	
41.000000	0.000000	9.750000	1.226077	
42.000000	0.000000	10.000000	1.255981	
43.000000	0.000000	9.312500	1.285885	
44.000000	0.000000	7.937500	1.315789	
45.000000	0.000000	8.375000	1.345694	
46.000000	0.000000	8.625000	1.375598	
47.000000	0.000000	9.312500	1.405502	
48.000000	0.000000	9.812500	1.435407	
49.000000	0.000000	9.000000	1.465311	
50.000000	0.000000	9.312500	1.495215	
51.000000	0.000000	9.187500	1.525120	
52.000000	356.937500	9.562500	1.555024	
53.000000	0.000000	9.062500	1.584928	
54.000000	0.000000	8.750000	1.614833	
55.000000	350.937500	9.625000	1.644737	
56.000000	344.062500	9.875000	1.674641	
57.000000	287.125000	9.937500	1.704545	
58.000000	482.937500	10.125000	1.734450	
59.000000	709.375000	11.187500	1.764354	
60.000000	1690.750000	13.500000	1.794258	
61.000000	436.000000	11.000000	1.824163	
62.000000	970.062500	11.625000	1.854067	
63.000000	417.687500	11.125000	1.883971	
64.000000	3275.500000	16.937500	1.913876	
