#NUM_THREADS
1.77778
0
0
0.5291
2.35294
0
0
0.70028
2.88
0
0.08
0.857143
3.39394
0
0.151515
1.0101
3.90244
0
0.317073
1.16144
4.40816
0
0.44898
1.31195
4.91228
41.4211
0.561404
1.46199
5.41538
96.9385
0.815385
1.61172
5.91781
163.712
1.0411
1.76125
6.41975
244.21
1.19753
1.91064
6.92135
321.876
1.42697
2.05992
7.42268
427.649
1.76289
2.20913
7.92381
528.552
2.08571
2.35828
8.42478
637.646
2.35398
2.50737
8.92562
813.066
2.82645
2.65643
9.42636
949.581
3.2093
2.80546
9.92701
1034
3.50365
2.95447
10.4276
1092.03
3.72414
3.10345
10.9281
1208.42
4.06536
3.25241
11.4286
1482
4.68944
3.40136
11.929
1653.82
5.14201
3.5503
12.4294
1845.35
5.75706
3.69922
12.9297
2070.54
6.53514
3.84813
13.4301
2468.71
7.00518
3.99704
13.9303
2661.78
7.55721
4.14594
14.4306
2843.14
7.99522
4.29483
14.9309
3108.03
8.8341
4.44371
15.4311
3294.47
9.44889
4.59259
15.9313
3582.34
10.3863
4.74147
16.4315
3928.79
11.5809
4.89034
16.9317
4339.61
12.5703
5.0392
17.4319
4713.74
13.9183
5.18807
17.9321
5008.23
15.0038
5.33693
18.4322
5210.34
15.6081
5.48578
18.9324
5423.19
16.2384
5.63464
19.4325
5715.25
17.3253
5.78349
19.9327
5907.94
17.9731
5.93234
20.4328
6162.03
18.7344
6.08119
20.9329
6691.74
20.2236
6.23003
21.433
6929.71
21.0748
6.37888
21.9331
7152.46
21.5198
6.52772
22.4332
7357.14
22.0682
6.67656
22.9333
7898.45
23.6609
6.8254
23.4334
8258.72
24.8442
6.97423
23.9335
8496.25
25.5152
7.12307
24.4336
8954.43
26.8401
7.27191
24.9337
9276.23
27.9814
7.42074
25.4338
10017.6
30.5039
7.56957
25.9338
10570.1
31.9898
7.71841
26.4339
10895.4
32.9501
7.86724
26.934
11221.1
33.9487
8.01607
27.4341
11555.3
35.0552
8.1649
27.9341
11858.5
35.9318
8.31373
28.4342
12135.6
36.7829
8.46255
28.9342
12529
38.093
8.61138
29.4343
13043.9
39.9666
8.76021
29.9344
13682.1
41.884
8.90903
30.4344
14020.8
43.1806
9.05786
30.9345
14659.2
45.4419
9.20668
31.4345
15049.1
46.8649
9.35551
31.9346
15501.5
48.4744
9.50433
32.4346
15960
50.2153
9.65316
32.9347
16734.7
52.6436
9.80198
