#NUM_THREADS
2.000000	0.000000	0.000000	0.050201	
3.000000	0.000000	0.000000	0.075301	
4.000000	0.000000	0.250000	0.100402	
5.000000	0.000000	1.000000	0.125502	
6.000000	0.000000	1.062500	0.150602	
7.000000	0.000000	1.312500	0.175703	
8.000000	0.000000	1.875000	0.200803	
9.000000	0.000000	2.250000	0.225904	
10.000000	0.000000	2.750000	0.251004	
11.000000	0.000000	2.562500	0.276104	
12.000000	0.000000	2.937500	0.301205	
13.000000	0.000000	3.375000	0.326305	
14.000000	0.000000	3.812500	0.351406	
15.000000	0.000000	3.625000	0.376506	
16.000000	0.000000	3.937500	0.401606	
17.000000	0.000000	4.250000	0.426707	
18.000000	0.000000	5.125000	0.451807	
19.000000	0.000000	5.500000	0.476908	
20.000000	0.000000	5.125000	0.502008	
21.000000	0.000000	5.875000	0.527108	
22.000000	0.000000	6.062500	0.552209	
23.000000	0.000000	6.125000	0.577309	
24.000000	0.000000	6.437500	0.602410	
25.000000	0.000000	6.625000	0.627510	
26.000000	0.000000	6.125000	0.652610	
27.000000	0.000000	6.812500	0.677711	
28.000000	0.000000	8.000000	0.702811	
29.000000	0.000000	7.625000	0.727912	
30.000000	0.000000	7.375000	0.753012	
31.000000	0.000000	7.750000	0.778112	
32.000000	0.000000	7.625000	0.803213	
33.000000	0.000000	7.812500	0.828313	
34.000000	0.000000	7.875000	0.853414	
35.000000	0.000000	8.250000	0.878514	
36.000000	0.000000	8.812500	0.903614	
37.000000	0.000000	8.750000	0.928715	
38.000000	0.000000	8.750000	0.953815	
39.000000	0.000000	8.625000	0.978916	
40.000000	0.000000	9.562500	1.004016	
41.000000	0.000000	10.375000	1.029117	
42.000000	0.000000	8.812500	1.054217	
43.000000	0.000000	10.187500	1.079317	
44.000000	0.000000	10.562500	1.104418	
45.000000	0.000000	10.187500	1.129518	
46.000000	0.000000	10.000000	1.154619	
47.000000	0.000000	10.250000	1.179719	
48.000000	0.000000	10.437500	1.204819	
49.000000	0.000000	9.625000	1.229920	
50.000000	0.000000	10.562500	1.255020	
51.000000	0.000000	10.125000	1.280120	
52.000000	0.000000	10.812500	1.305221	
53.000000	0.000000	10.625000	1.330321	
54.000000	0.000000	9.937500	1.355422	
55.000000	0.000000	10.625000	1.380522	
56.000000	0.000000	11.125000	1.405622	
57.000000	0.000000	10.375000	1.430723	
58.000000	0.000000	10.312500	1.455823	
59.000000	0.000000	11.062500	1.480924	
60.000000	10.437500	10.375000	1.506024	
61.000000	0.000000	9.937500	1.531124	
62.000000	298.125000	10.687500	1.556225	
63.000000	59.562500	10.250000	1.581325	
64.000000	186.562500	11.000000	1.606426	
