#NUM_THREADS
2.000000	0.000000	0.062500	0.055556	
3.000000	0.000000	0.062500	0.083333	
4.000000	0.000000	0.312500	0.111111	
5.000000	0.000000	0.937500	0.138889	
6.000000	0.000000	1.000000	0.166667	
7.000000	0.000000	1.750000	0.194444	
8.000000	0.000000	1.937500	0.222222	
9.000000	0.000000	2.375000	0.250000	
10.000000	0.000000	2.437500	0.277778	
11.000000	0.000000	2.625000	0.305556	
12.000000	0.000000	3.562500	0.333333	
13.000000	0.000000	3.562500	0.361111	
14.000000	0.000000	4.187500	0.388889	
15.000000	0.000000	4.375000	0.416667	
16.000000	0.000000	4.562500	0.444444	
17.000000	0.000000	4.500000	0.472222	
18.000000	0.000000	5.187500	0.500000	
19.000000	0.000000	5.375000	0.527778	
20.000000	0.000000	5.250000	0.555556	
21.000000	0.000000	5.500000	0.583333	
22.000000	0.000000	5.750000	0.611111	
23.000000	0.000000	5.375000	0.638889	
24.000000	0.000000	5.750000	0.666667	
25.000000	0.000000	6.125000	0.694444	
26.000000	0.000000	7.062500	0.722222	
27.000000	0.000000	7.312500	0.750000	
28.000000	0.000000	6.687500	0.777778	
29.000000	0.000000	7.250000	0.805556	
30.000000	0.000000	7.875000	0.833333	
31.000000	0.000000	8.187500	0.861111	
32.000000	0.000000	7.812500	0.888889	
33.000000	0.000000	7.437500	0.916667	
34.000000	0.000000	8.562500	0.944444	
35.000000	0.000000	8.625000	0.972222	
36.000000	0.000000	8.437500	1.000000	
37.000000	0.000000	8.500000	1.027778	
38.000000	0.000000	8.500000	1.055556	
39.000000	0.000000	8.562500	1.083333	
40.000000	0.000000	9.312500	1.111111	
41.000000	0.000000	8.937500	1.138889	
42.000000	0.000000	9.750000	1.166667	
43.000000	0.000000	8.937500	1.194444	
44.000000	0.000000	9.062500	1.222222	
45.000000	0.000000	9.937500	1.250000	
46.000000	0.000000	10.000000	1.277778	
47.000000	0.000000	9.812500	1.305556	
48.000000	0.000000	9.625000	1.333333	
49.000000	0.000000	9.187500	1.361111	
50.000000	0.000000	9.562500	1.388889	
51.000000	0.000000	9.812500	1.416667	
52.000000	0.000000	10.250000	1.444444	
53.000000	34.750000	9.687500	1.472222	
54.000000	11.750000	9.437500	1.500000	
55.000000	68.187500	9.562500	1.527778	
56.000000	73.125000	9.750000	1.555556	
57.000000	205.875000	10.187500	1.583333	
58.000000	194.875000	10.250000	1.611111	
59.000000	56.187500	9.500000	1.638889	
60.000000	20.375000	9.500000	1.666667	
61.000000	159.312500	9.875000	1.694444	
62.000000	803.937500	11.625000	1.722222	
63.000000	191.500000	10.875000	1.750000	
64.000000	1131.937500	12.812500	1.777778	
