#NUM_THREADS
2.000000	0.000000	0.000000	0.045788	
3.000000	0.000000	0.000000	0.068681	
4.000000	0.000000	0.375000	0.091575	
5.000000	0.000000	1.000000	0.114469	
6.000000	0.000000	1.687500	0.137363	
7.000000	0.000000	1.750000	0.160256	
8.000000	0.000000	1.937500	0.183150	
9.000000	0.000000	2.187500	0.206044	
10.000000	0.000000	2.062500	0.228938	
11.000000	0.000000	2.750000	0.251832	
12.000000	0.000000	3.125000	0.274725	
13.000000	0.000000	3.312500	0.297619	
14.000000	0.000000	3.750000	0.320513	
15.000000	0.000000	3.687500	0.343407	
16.000000	0.000000	4.562500	0.366300	
17.000000	0.000000	4.625000	0.389194	
18.000000	0.000000	4.500000	0.412088	
19.000000	0.000000	4.750000	0.434982	
20.000000	0.000000	5.312500	0.457875	
21.000000	0.000000	5.250000	0.480769	
22.000000	0.000000	5.562500	0.503663	
23.000000	0.000000	5.937500	0.526557	
24.000000	0.000000	6.187500	0.549451	
25.000000	0.000000	6.375000	0.572344	
26.000000	0.000000	7.312500	0.595238	
27.000000	0.000000	6.875000	0.618132	
28.000000	0.000000	7.250000	0.641026	
29.000000	0.000000	7.562500	0.663919	
30.000000	0.000000	7.375000	0.686813	
31.000000	0.000000	7.875000	0.709707	
32.000000	0.000000	7.687500	0.732601	
33.000000	0.000000	8.125000	0.755495	
34.000000	0.000000	8.062500	0.778388	
35.000000	0.000000	7.687500	0.801282	
36.000000	0.000000	8.437500	0.824176	
37.000000	0.000000	8.562500	0.847070	
38.000000	0.000000	9.125000	0.869963	
39.000000	0.000000	9.625000	0.892857	
40.000000	0.000000	8.937500	0.915751	
41.000000	0.000000	8.750000	0.938645	
42.000000	0.000000	9.375000	0.961538	
43.000000	0.000000	9.437500	0.984432	
44.000000	0.000000	10.125000	1.007326	
45.000000	0.000000	10.125000	1.030220	
46.000000	0.000000	10.625000	1.053114	
47.000000	0.000000	10.750000	1.076007	
48.000000	0.000000	10.562500	1.098901	
49.000000	0.000000	10.437500	1.121795	
50.000000	0.000000	10.312500	1.144689	
51.000000	0.000000	10.375000	1.167582	
52.000000	0.000000	10.875000	1.190476	
53.000000	0.000000	11.437500	1.213370	
54.000000	0.000000	11.125000	1.236264	
55.000000	0.000000	11.500000	1.259158	
56.000000	0.000000	10.812500	1.282051	
57.000000	0.000000	10.750000	1.304945	
58.000000	0.000000	11.000000	1.327839	
59.000000	0.000000	11.312500	1.350733	
60.000000	19.750000	11.250000	1.373626	
61.000000	0.000000	11.125000	1.396520	
62.000000	0.000000	10.625000	1.419414	
63.000000	0.062500	11.250000	1.442308	
64.000000	0.125000	10.937500	1.465201	
