#NUM_THREADS
2.000000	0.000000	0.062500	0.048638	
3.000000	0.000000	0.000000	0.072957	
4.000000	0.000000	0.062500	0.097276	
5.000000	0.000000	0.750000	0.121595	
6.000000	0.000000	1.250000	0.145914	
7.000000	0.000000	1.375000	0.170233	
8.000000	0.000000	2.312500	0.194553	
9.000000	0.000000	2.625000	0.218872	
10.000000	0.000000	2.312500	0.243191	
11.000000	0.000000	2.812500	0.267510	
12.000000	0.000000	3.750000	0.291829	
13.000000	0.000000	3.562500	0.316148	
14.000000	0.000000	4.000000	0.340467	
15.000000	0.000000	4.312500	0.364786	
16.000000	0.000000	4.250000	0.389105	
17.000000	0.000000	4.562500	0.413424	
18.000000	0.000000	4.375000	0.437743	
19.000000	0.000000	5.187500	0.462062	
20.000000	0.000000	5.000000	0.486381	
21.000000	0.000000	5.625000	0.510700	
22.000000	0.000000	6.000000	0.535019	
23.000000	0.000000	5.875000	0.559339	
24.000000	0.000000	6.312500	0.583658	
25.000000	0.000000	6.500000	0.607977	
26.000000	0.000000	6.562500	0.632296	
27.000000	0.000000	7.187500	0.656615	
28.000000	0.000000	7.312500	0.680934	
29.000000	0.000000	7.562500	0.705253	
30.000000	0.000000	7.312500	0.729572	
31.000000	0.000000	7.875000	0.753891	
32.000000	0.000000	8.125000	0.778210	
33.000000	0.000000	7.562500	0.802529	
34.000000	0.000000	7.437500	0.826848	
35.000000	0.000000	8.562500	0.851167	
36.000000	0.000000	8.687500	0.875486	
37.000000	0.000000	8.812500	0.899805	
38.000000	0.000000	9.375000	0.924125	
39.000000	0.000000	9.250000	0.948444	
40.000000	0.000000	8.937500	0.972763	
41.000000	0.000000	9.812500	0.997082	
42.000000	0.000000	9.937500	1.021401	
43.000000	0.000000	9.812500	1.045720	
44.000000	0.000000	10.312500	1.070039	
45.000000	0.000000	10.375000	1.094358	
46.000000	0.000000	9.875000	1.118677	
47.000000	0.000000	10.187500	1.142996	
48.000000	0.000000	10.500000	1.167315	
49.000000	0.000000	10.250000	1.191634	
50.000000	0.000000	10.250000	1.215953	
51.000000	0.000000	10.562500	1.240272	
52.000000	0.000000	10.687500	1.264591	
53.000000	2.812500	10.750000	1.288911	
54.000000	0.000000	10.875000	1.313230	
55.000000	0.000000	10.562500	1.337549	
56.000000	0.000000	11.000000	1.361868	
57.000000	0.000000	10.937500	1.386187	
58.000000	0.000000	10.687500	1.410506	
59.000000	0.000000	10.375000	1.434825	
60.000000	0.000000	10.437500	1.459144	
61.000000	0.000000	10.687500	1.483463	
62.000000	75.875000	10.437500	1.507782	
63.000000	115.937500	10.375000	1.532101	
64.000000	0.000000	10.250000	1.556420	
