#NUM_THREADS
2.000000	0.000000	0.062500	0.044484	
3.000000	0.000000	0.125000	0.066726	
4.000000	0.000000	0.312500	0.088968	
5.000000	0.000000	0.937500	0.111210	
6.000000	0.000000	1.437500	0.133452	
7.000000	0.000000	1.562500	0.155694	
8.000000	0.000000	1.750000	0.177936	
9.000000	0.000000	2.187500	0.200178	
10.000000	0.000000	2.250000	0.222420	
11.000000	0.000000	2.187500	0.244662	
12.000000	0.000000	2.937500	0.266904	
13.000000	0.000000	3.500000	0.289146	
14.000000	0.000000	3.625000	0.311388	
15.000000	0.000000	3.812500	0.333630	
16.000000	0.000000	4.125000	0.355872	
17.000000	0.000000	5.312500	0.378114	
18.000000	0.000000	4.312500	0.400356	
19.000000	0.000000	4.687500	0.422598	
20.000000	0.000000	4.312500	0.444840	
21.000000	0.000000	5.000000	0.467082	
22.000000	0.000000	5.437500	0.489324	
23.000000	0.000000	6.625000	0.511566	
24.000000	0.000000	6.375000	0.533808	
25.000000	0.000000	6.250000	0.556050	
26.000000	0.000000	6.375000	0.578292	
27.000000	0.000000	7.187500	0.600534	
28.000000	0.000000	7.000000	0.622776	
29.000000	0.000000	7.187500	0.645018	
30.000000	0.000000	7.750000	0.667260	
31.000000	0.000000	7.812500	0.689502	
32.000000	0.000000	7.812500	0.711744	
33.000000	0.000000	7.875000	0.733986	
34.000000	0.000000	7.937500	0.756228	
35.000000	0.000000	7.937500	0.778470	
36.000000	0.000000	8.187500	0.800712	
37.000000	0.000000	8.437500	0.822954	
38.000000	0.000000	8.625000	0.845196	
39.000000	0.000000	9.125000	0.867438	
40.000000	0.000000	8.687500	0.889680	
41.000000	0.000000	9.437500	0.911922	
42.000000	0.000000	9.875000	0.934164	
43.000000	0.000000	9.437500	0.956406	
44.000000	0.000000	9.437500	0.978648	
45.000000	0.000000	10.187500	1.000890	
46.000000	0.000000	9.500000	1.023132	
47.000000	0.000000	10.562500	1.045374	
48.000000	0.000000	10.625000	1.067616	
49.000000	0.000000	10.937500	1.089858	
50.000000	0.000000	11.000000	1.112100	
51.000000	0.000000	10.437500	1.134342	
52.000000	0.000000	10.750000	1.156584	
53.000000	0.000000	11.000000	1.178826	
54.000000	0.000000	10.750000	1.201068	
55.000000	0.000000	10.625000	1.223310	
56.000000	0.000000	11.687500	1.245552	
57.000000	0.000000	11.625000	1.267794	
58.000000	0.000000	11.187500	1.290036	
59.000000	0.000000	11.562500	1.312278	
60.000000	43.437500	11.750000	1.334520	
61.000000	0.000000	11.687500	1.356762	
62.000000	0.000000	11.437500	1.379004	
63.000000	0.000000	11.250000	1.401246	
64.000000	215.062500	13.000000	1.423488	
