#NUM_THREADS
1.77778
0
0
0.383141
2.35294
0
0.117647
0.507099
2.88
0
0.08
0.62069
3.39394
0
0.181818
0.731452
3.90244
0
0.341463
0.841043
4.40816
0
0.612245
0.950035
4.91228
3.73684
0.807018
1.05868
5.41538
13.0462
1.01538
1.16711
5.91781
53.1644
1.20548
1.27539
6.41975
127.049
1.44444
1.38357
6.92135
192.618
1.70787
1.49167
7.42268
214.907
1.80412
1.59972
7.92381
318.314
2.08571
1.70772
8.42478
337.876
2.21239
1.81569
8.92562
364.405
2.32231
1.92362
9.42636
571.302
2.81395
2.03154
9.92701
643.219
3.0219
2.13944
10.4276
767.352
3.28966
2.24732
10.9281
915.078
3.68627
2.35519
11.4286
994.745
3.95652
2.46305
11.929
1084.07
4.24852
2.5709
12.4294
1208.11
4.59322
2.67875
12.9297
1595
5.55135
2.78658
13.4301
1856.55
6.30052
2.89441
13.9303
2016.98
6.73632
3.00223
14.4306
2248.58
7.33014
3.11005
14.9309
2528.98
7.89862
3.21786
15.4311
2704.22
8.39111
3.32567
15.9313
2833.64
8.93562
3.43348
16.4315
3166.04
9.86722
3.54128
16.9317
3298.11
10.2369
3.64908
17.4319
3522.66
10.9883
3.75688
17.9321
3868.13
12.0868
3.86467
18.4322
4075.14
12.6154
3.97246
18.9324
4530.25
13.7438
4.08026
19.4325
4757.03
14.4187
4.18804
19.9327
5076.23
15.4276
4.29583
20.4328
5384.72
16.5049
4.40362
20.9329
5683.84
17.4089
4.5114
21.433
6021.55
18.2336
4.61919
21.9331
6622.52
20.1945
4.72697
22.4332
6956.36
21.2285
4.83475
22.9333
7364.48
22.5043
4.94253
23.4334
7724.19
23.7819
5.05031
23.9335
8035.13
24.9391
5.15809
24.4336
8269.22
25.5827
5.26586
24.9337
8600.19
26.7931
5.37364
25.4338
8825.18
27.4753
5.48142
25.9338
9336.65
29.2087
5.58919
26.4339
9641.68
30.0399
5.69696
26.934
9796.38
30.4914
5.80474
27.4341
10185.7
31.7842
5.91251
27.9341
10552.3
32.9859
6.02028
28.4342
11037
34.5358
6.12806
28.9342
11387.1
35.7483
6.23583
29.4343
11819.2
37.2428
6.3436
29.9344
12067.6
37.8534
6.45137
30.4344
12505.9
39.1419
6.55914
30.9345
12874.4
40.3192
6.66691
31.4345
13421.2
42.0873
6.77468
31.9346
13878.2
43.5685
6.88245
32.4346
14386.4
45.3199
6.99022
32.9347
14779.2
46.5188
7.09799
