#NUM_THREADS
2.000000	0.000000	0.000000	0.042088	
3.000000	0.000000	0.000000	0.063131	
4.000000	0.000000	1.000000	0.084175	
5.000000	0.000000	1.000000	0.105219	
6.000000	0.000000	1.250000	0.126263	
7.000000	0.000000	1.375000	0.147306	
8.000000	0.000000	1.812500	0.168350	
9.000000	0.000000	2.500000	0.189394	
10.000000	0.000000	2.625000	0.210438	
11.000000	0.000000	3.312500	0.231481	
12.000000	0.000000	3.312500	0.252525	
13.000000	0.000000	3.812500	0.273569	
14.000000	0.000000	3.562500	0.294613	
15.000000	0.000000	4.062500	0.315657	
16.000000	0.000000	4.500000	0.336700	
17.000000	0.000000	4.812500	0.357744	
18.000000	0.000000	5.000000	0.378788	
19.000000	0.000000	5.625000	0.399832	
20.000000	0.000000	5.937500	0.420875	
21.000000	0.000000	6.000000	0.441919	
22.000000	0.000000	5.687500	0.462963	
23.000000	0.000000	6.125000	0.484007	
24.000000	0.000000	6.125000	0.505050	
25.000000	0.000000	5.937500	0.526094	
26.000000	0.000000	6.687500	0.547138	
27.000000	0.000000	7.250000	0.568182	
28.000000	0.000000	6.875000	0.589226	
29.000000	0.000000	7.187500	0.610269	
30.000000	0.000000	7.187500	0.631313	
31.000000	0.000000	7.750000	0.652357	
32.000000	0.000000	7.937500	0.673401	
33.000000	0.000000	7.937500	0.694444	
34.000000	0.000000	8.375000	0.715488	
35.000000	0.000000	8.312500	0.736532	
36.000000	0.000000	8.375000	0.757576	
37.000000	0.000000	8.687500	0.778620	
38.000000	0.000000	8.937500	0.799663	
39.000000	0.000000	9.125000	0.820707	
40.000000	0.000000	9.687500	0.841751	
41.000000	0.000000	8.750000	0.862795	
42.000000	0.000000	9.437500	0.883838	
43.000000	0.000000	9.812500	0.904882	
44.000000	0.000000	10.000000	0.925926	
45.000000	0.000000	10.062500	0.946970	
46.000000	0.000000	9.937500	0.968013	
47.000000	0.000000	9.687500	0.989057	
48.000000	0.000000	10.000000	1.010101	
49.000000	0.000000	11.250000	1.031145	
50.000000	0.000000	10.937500	1.052189	
51.000000	0.000000	10.875000	1.073232	
52.000000	0.000000	11.437500	1.094276	
53.000000	0.000000	12.000000	1.115320	
54.000000	0.000000	10.937500	1.136364	
55.000000	0.000000	11.687500	1.157407	
56.000000	0.000000	11.562500	1.178451	
57.000000	0.000000	11.625000	1.199495	
58.000000	0.000000	11.312500	1.220539	
59.000000	0.000000	11.500000	1.241583	
60.000000	0.000000	12.625000	1.262626	
61.000000	0.000000	11.812500	1.283670	
62.000000	0.000000	11.187500	1.304714	
63.000000	0.000000	12.312500	1.325758	
64.000000	0.000000	12.125000	1.346801	
