#NUM_THREADS
2.000000	0.000000	0.000000	0.047170	
3.000000	0.000000	0.000000	0.070755	
4.000000	0.000000	0.625000	0.094340	
5.000000	0.000000	1.000000	0.117925	
6.000000	0.000000	1.312500	0.141509	
7.000000	0.000000	1.562500	0.165094	
8.000000	0.000000	1.375000	0.188679	
9.000000	0.000000	2.125000	0.212264	
10.000000	0.000000	2.750000	0.235849	
11.000000	0.000000	3.062500	0.259434	
12.000000	0.000000	2.875000	0.283019	
13.000000	0.000000	3.437500	0.306604	
14.000000	0.000000	3.500000	0.330189	
15.000000	0.000000	3.937500	0.353774	
16.000000	0.000000	4.437500	0.377358	
17.000000	0.000000	4.625000	0.400943	
18.000000	0.000000	4.812500	0.424528	
19.000000	0.000000	5.500000	0.448113	
20.000000	0.000000	5.375000	0.471698	
21.000000	0.000000	5.812500	0.495283	
22.000000	0.000000	6.250000	0.518868	
23.000000	0.000000	6.250000	0.542453	
24.000000	0.000000	6.437500	0.566038	
25.000000	0.000000	6.812500	0.589623	
26.000000	0.000000	6.375000	0.613208	
27.000000	0.000000	6.937500	0.636792	
28.000000	0.000000	6.937500	0.660377	
29.000000	0.000000	7.187500	0.683962	
30.000000	0.000000	7.687500	0.707547	
31.000000	0.000000	7.562500	0.731132	
32.000000	0.000000	8.375000	0.754717	
33.000000	0.000000	8.125000	0.778302	
34.000000	0.000000	7.437500	0.801887	
35.000000	0.000000	8.625000	0.825472	
36.000000	0.000000	9.062500	0.849057	
37.000000	0.000000	9.000000	0.872642	
38.000000	0.000000	9.125000	0.896226	
39.000000	0.000000	9.250000	0.919811	
40.000000	0.000000	9.187500	0.943396	
41.000000	0.000000	9.625000	0.966981	
42.000000	0.000000	9.687500	0.990566	
43.000000	0.000000	9.250000	1.014151	
44.000000	0.000000	9.750000	1.037736	
45.000000	0.000000	10.000000	1.061321	
46.000000	0.000000	10.000000	1.084906	
47.000000	0.000000	10.000000	1.108491	
48.000000	0.000000	10.125000	1.132075	
49.000000	0.000000	10.312500	1.155660	
50.000000	0.000000	10.750000	1.179245	
51.000000	0.000000	10.437500	1.202830	
52.000000	0.000000	11.250000	1.226415	
53.000000	0.000000	10.625000	1.250000	
54.000000	0.000000	10.250000	1.273585	
55.000000	0.000000	11.125000	1.297170	
56.000000	0.000000	11.000000	1.320755	
57.000000	0.000000	11.250000	1.344340	
58.000000	0.000000	10.937500	1.367925	
59.000000	0.000000	11.062500	1.391509	
60.000000	0.000000	11.625000	1.415094	
61.000000	0.000000	11.062500	1.438679	
62.000000	72.937500	10.937500	1.462264	
63.000000	226.812500	10.750000	1.485849	
64.000000	205.562500	11.687500	1.509434	
