#NUM_THREADS
2.000000	0.000000	0.000000	0.040984	
3.000000	0.000000	0.000000	0.061475	
4.000000	0.000000	0.750000	0.081967	
5.000000	0.000000	1.000000	0.102459	
6.000000	0.000000	1.625000	0.122951	
7.000000	0.000000	1.625000	0.143443	
8.000000	0.000000	2.125000	0.163934	
9.000000	0.000000	2.562500	0.184426	
10.000000	0.000000	2.437500	0.204918	
11.000000	0.000000	2.750000	0.225410	
12.000000	0.000000	2.937500	0.245902	
13.000000	0.000000	3.375000	0.266393	
14.000000	0.000000	3.750000	0.286885	
15.000000	0.000000	4.125000	0.307377	
16.000000	0.000000	3.812500	0.327869	
17.000000	0.000000	4.562500	0.348361	
18.000000	0.000000	4.812500	0.368852	
19.000000	0.000000	4.750000	0.389344	
20.000000	0.000000	5.312500	0.409836	
21.000000	0.000000	5.562500	0.430328	
22.000000	0.000000	6.250000	0.450820	
23.000000	0.000000	6.187500	0.471311	
24.000000	0.000000	6.500000	0.491803	
25.000000	0.000000	6.562500	0.512295	
26.000000	0.000000	6.687500	0.532787	
27.000000	0.000000	6.375000	0.553279	
28.000000	0.000000	6.500000	0.573770	
29.000000	0.000000	7.125000	0.594262	
30.000000	0.000000	7.187500	0.614754	
31.000000	0.000000	7.500000	0.635246	
32.000000	0.000000	7.500000	0.655738	
33.000000	0.000000	8.062500	0.676230	
34.000000	0.000000	8.062500	0.696721	
35.000000	0.000000	8.000000	0.717213	
36.000000	0.000000	8.625000	0.737705	
37.000000	0.000000	8.562500	0.758197	
38.000000	0.000000	8.500000	0.778689	
39.000000	0.000000	9.687500	0.799180	
40.000000	0.000000	9.562500	0.819672	
41.000000	0.000000	9.187500	0.840164	
42.000000	0.000000	9.437500	0.860656	
43.000000	0.000000	9.937500	0.881148	
44.000000	0.000000	8.937500	0.901639	
45.000000	0.000000	10.062500	0.922131	
46.000000	0.000000	10.312500	0.942623	
47.000000	0.000000	10.500000	0.963115	
48.000000	0.000000	10.500000	0.983607	
49.000000	0.000000	10.562500	1.004098	
50.000000	0.000000	11.125000	1.024590	
51.000000	0.000000	11.250000	1.045082	
52.000000	0.000000	11.437500	1.065574	
53.000000	0.000000	11.000000	1.086066	
54.000000	0.000000	11.812500	1.106557	
55.000000	0.000000	11.875000	1.127049	
56.000000	0.000000	11.500000	1.147541	
57.000000	0.000000	10.937500	1.168033	
58.000000	0.000000	11.437500	1.188525	
59.000000	0.000000	12.000000	1.209016	
60.000000	0.000000	12.312500	1.229508	
61.000000	0.000000	12.562500	1.250000	
62.000000	0.000000	13.062500	1.270492	
63.000000	0.000000	13.125000	1.290984	
64.000000	0.000000	11.375000	1.311475	
