#NUM_THREADS
2.000000	0.000000	0.000000	0.500000	
3.000000	0.000000	0.000000	0.750000	
4.000000	0.000000	0.875000	1.000000	
5.000000	0.000000	1.000000	1.250000	
6.000000	0.000000	1.250000	1.500000	
7.000000	2.000000	1.625000	1.750000	
8.000000	692.125000	2.312500	2.000000	
9.000000	169.750000	2.250000	2.250000	
10.000000	393.812500	2.812500	2.500000	
11.000000	513.375000	3.125000	2.750000	
12.000000	795.250000	3.437500	3.000000	
13.000000	791.875000	4.062500	3.250000	
14.000000	1453.250000	4.937500	3.500000	
15.000000	1304.750000	5.000000	3.750000	
16.000000	2640.625000	7.625000	4.000000	
17.000000	5196.750000	10.562500	4.250000	
18.000000	2678.125000	8.250000	4.500000	
19.000000	3478.125000	9.375000	4.750000	
20.000000	3627.000000	10.500000	5.000000	
21.000000	4929.625000	14.812500	5.250000	
22.000000	4280.312500	12.875000	5.500000	
23.000000	3364.562500	11.750000	5.750000	
24.000000	4886.875000	15.125000	6.000000	
25.000000	5444.312500	15.375000	6.250000	
26.000000	7878.687500	25.250000	6.500000	
27.000000	7297.750000	22.812500	6.750000	
28.000000	3248.062500	10.000000	7.000000	
29.000000	3421.187500	10.062500	7.250000	
30.000000	10820.812500	35.875000	7.500000	
31.000000	10283.000000	32.750000	7.750000	
32.000000	11329.437500	33.812500	8.000000	
33.000000	10841.250000	33.312500	8.250000	
34.000000	10475.125000	30.812500	8.500000	
35.000000	9764.000000	29.250000	8.750000	
36.000000	13490.312500	43.437500	9.000000	
37.000000	19066.937500	60.312500	9.250000	
38.000000	14796.250000	45.000000	9.500000	
39.000000	15397.687500	53.625000	9.750000	
40.000000	19664.250000	64.812500	10.000000	
41.000000	21108.062500	60.125000	10.250000	
42.000000	16440.937500	53.000000	10.500000	
43.000000	22082.125000	73.562500	10.750000	
44.000000	19617.250000	62.812500	11.000000	
45.000000	24141.562500	78.687500	11.250000	
46.000000	21464.562500	70.062500	11.500000	
47.000000	20552.875000	66.375000	11.750000	
48.000000	29411.875000	94.250000	12.000000	
49.000000	25986.375000	78.062500	12.250000	
50.000000	25022.687500	80.812500	12.500000	
51.000000	30878.250000	92.062500	12.750000	
52.000000	28357.812500	86.750000	13.000000	
53.000000	27116.187500	94.375000	13.250000	
54.000000	24802.562500	70.812500	13.500000	
55.000000	30396.437500	89.625000	13.750000	
56.000000	35414.812500	123.500000	14.000000	
57.000000	44214.937500	141.375000	14.250000	
58.000000	44440.312500	131.625000	14.500000	
59.000000	35069.687500	112.375000	14.750000	
60.000000	35137.000000	113.625000	15.000000	
61.000000	40268.187500	125.375000	15.250000	
62.000000	46731.062500	160.812500	15.500000	
63.000000	42094.187500	118.812500	15.750000	
64.000000	40573.437500	139.125000	16.000000	
