#NUM_THREADS
2.000000	0.000000	0.000000	0.043253	
3.000000	0.000000	0.375000	0.064879	
4.000000	0.000000	1.000000	0.086505	
5.000000	0.000000	1.000000	0.108131	
6.000000	0.000000	1.562500	0.129758	
7.000000	0.000000	1.875000	0.151384	
8.000000	0.000000	2.000000	0.173010	
9.000000	0.000000	2.187500	0.194637	
10.000000	0.000000	2.125000	0.216263	
11.000000	0.000000	2.437500	0.237889	
12.000000	0.000000	3.312500	0.259516	
13.000000	0.000000	3.687500	0.281142	
14.000000	0.000000	3.812500	0.302768	
15.000000	0.000000	3.812500	0.324394	
16.000000	0.000000	4.187500	0.346021	
17.000000	0.000000	4.312500	0.367647	
18.000000	0.000000	4.687500	0.389273	
19.000000	0.000000	4.687500	0.410900	
20.000000	0.000000	5.062500	0.432526	
21.000000	0.000000	5.875000	0.454152	
22.000000	0.000000	5.687500	0.475779	
23.000000	0.000000	5.812500	0.497405	
24.000000	0.000000	6.062500	0.519031	
25.000000	0.000000	6.625000	0.540657	
26.000000	0.000000	7.062500	0.562284	
27.000000	0.000000	7.312500	0.583910	
28.000000	0.000000	6.562500	0.605536	
29.000000	0.000000	6.500000	0.627163	
30.000000	0.000000	7.187500	0.648789	
31.000000	0.000000	8.000000	0.670415	
32.000000	0.000000	8.375000	0.692042	
33.000000	0.000000	8.062500	0.713668	
34.000000	0.000000	8.500000	0.735294	
35.000000	0.000000	8.687500	0.756920	
36.000000	0.000000	8.687500	0.778547	
37.000000	0.000000	8.562500	0.800173	
38.000000	0.000000	8.812500	0.821799	
39.000000	0.000000	8.437500	0.843426	
40.000000	0.000000	8.937500	0.865052	
41.000000	0.000000	8.937500	0.886678	
42.000000	0.000000	9.375000	0.908305	
43.000000	0.000000	9.375000	0.929931	
44.000000	0.000000	10.062500	0.951557	
45.000000	0.000000	10.375000	0.973183	
46.000000	0.000000	10.250000	0.994810	
47.000000	0.000000	10.625000	1.016436	
48.000000	0.000000	10.625000	1.038062	
49.000000	0.000000	10.312500	1.059689	
50.000000	0.000000	11.562500	1.081315	
51.000000	0.000000	11.500000	1.102941	
52.000000	0.000000	11.375000	1.124568	
53.000000	0.000000	11.375000	1.146194	
54.000000	0.000000	10.875000	1.167820	
55.000000	0.000000	10.937500	1.189446	
56.000000	0.000000	11.125000	1.211073	
57.000000	0.000000	11.562500	1.232699	
58.000000	0.000000	11.687500	1.254325	
59.000000	0.000000	11.875000	1.275952	
60.000000	0.000000	12.375000	1.297578	
61.000000	0.000000	12.000000	1.319204	
62.000000	0.000000	11.500000	1.340830	
63.000000	0.000000	11.125000	1.362457	
64.000000	0.000000	11.187500	1.384083	
