#NUM_THREADS
2.000000	0.000000	0.000000	0.037994	
3.000000	0.000000	0.562500	0.056991	
4.000000	0.000000	0.687500	0.075988	
5.000000	0.000000	1.000000	0.094985	
6.000000	0.000000	1.625000	0.113982	
7.000000	0.000000	1.875000	0.132979	
8.000000	0.000000	2.062500	0.151976	
9.000000	0.000000	2.437500	0.170973	
10.000000	0.000000	2.750000	0.189970	
11.000000	0.000000	2.687500	0.208967	
12.000000	0.000000	3.187500	0.227964	
13.000000	0.000000	2.812500	0.246960	
14.000000	0.000000	3.812500	0.265957	
15.000000	0.000000	3.500000	0.284954	
16.000000	0.000000	4.062500	0.303951	
17.000000	0.000000	4.625000	0.322948	
18.000000	0.000000	4.500000	0.341945	
19.000000	0.000000	5.500000	0.360942	
20.000000	0.000000	5.250000	0.379939	
21.000000	0.000000	5.687500	0.398936	
22.000000	0.000000	5.937500	0.417933	
23.000000	0.000000	6.000000	0.436930	
24.000000	0.000000	6.187500	0.455927	
25.000000	0.000000	6.375000	0.474924	
26.000000	0.000000	6.437500	0.493921	
27.000000	0.000000	6.875000	0.512918	
28.000000	0.000000	6.937500	0.531915	
29.000000	0.000000	7.000000	0.550912	
30.000000	0.000000	7.437500	0.569909	
31.000000	0.000000	8.062500	0.588906	
32.000000	0.000000	7.750000	0.607903	
33.000000	0.000000	8.187500	0.626900	
34.000000	0.000000	7.500000	0.645897	
35.000000	0.000000	8.187500	0.664894	
36.000000	0.000000	8.750000	0.683891	
37.000000	0.000000	8.812500	0.702888	
38.000000	0.000000	9.437500	0.721884	
39.000000	0.000000	9.562500	0.740881	
40.000000	0.000000	8.937500	0.759878	
41.000000	0.000000	9.625000	0.778875	
42.000000	0.000000	10.250000	0.797872	
43.000000	0.000000	9.750000	0.816869	
44.000000	0.000000	10.000000	0.835866	
45.000000	0.000000	9.750000	0.854863	
46.000000	0.000000	10.625000	0.873860	
47.000000	0.000000	10.000000	0.892857	
48.000000	0.000000	10.312500	0.911854	
49.000000	0.000000	10.500000	0.930851	
50.000000	0.000000	10.812500	0.949848	
51.000000	0.000000	10.687500	0.968845	
52.000000	0.000000	11.687500	0.987842	
53.000000	0.000000	12.000000	1.006839	
54.000000	0.000000	11.437500	1.025836	
55.000000	0.000000	11.562500	1.044833	
56.000000	0.000000	11.437500	1.063830	
57.000000	0.000000	12.375000	1.082827	
58.000000	0.000000	11.812500	1.101824	
59.000000	0.000000	12.187500	1.120821	
60.000000	0.000000	12.500000	1.139818	
61.000000	0.000000	12.875000	1.158815	
62.000000	0.000000	12.812500	1.177812	
63.000000	0.000000	12.812500	1.196808	
64.000000	0.000000	12.812500	1.215806	
