#NUM_THREADS
2.000000	0.000000	0.000000	0.037092	
3.000000	0.000000	0.000000	0.055638	
4.000000	0.000000	0.687500	0.074184	
5.000000	0.000000	1.000000	0.092730	
6.000000	0.000000	1.250000	0.111276	
7.000000	0.000000	1.437500	0.129822	
8.000000	0.000000	1.562500	0.148368	
9.000000	0.000000	2.187500	0.166914	
10.000000	0.000000	2.625000	0.185460	
11.000000	0.000000	2.875000	0.204006	
12.000000	0.000000	3.562500	0.222552	
13.000000	0.000000	3.812500	0.241098	
14.000000	0.000000	4.250000	0.259644	
15.000000	0.000000	4.125000	0.278190	
16.000000	0.000000	4.500000	0.296736	
17.000000	0.000000	4.812500	0.315282	
18.000000	0.000000	5.125000	0.333828	
19.000000	0.000000	5.125000	0.352374	
20.000000	0.000000	5.062500	0.370920	
21.000000	0.000000	5.312500	0.389466	
22.000000	0.000000	5.875000	0.408012	
23.000000	0.000000	6.437500	0.426558	
24.000000	0.000000	6.312500	0.445104	
25.000000	0.000000	6.562500	0.463650	
26.000000	0.000000	6.812500	0.482196	
27.000000	0.000000	6.937500	0.500742	
28.000000	0.000000	7.125000	0.519288	
29.000000	0.000000	7.750000	0.537834	
30.000000	0.000000	7.500000	0.556380	
31.000000	0.000000	7.812500	0.574926	
32.000000	0.000000	8.125000	0.593472	
33.000000	0.000000	8.625000	0.612018	
34.000000	0.000000	8.375000	0.630564	
35.000000	0.000000	8.562500	0.649110	
36.000000	0.000000	8.937500	0.667656	
37.000000	0.000000	8.062500	0.686202	
38.000000	0.000000	8.625000	0.704748	
39.000000	0.000000	8.250000	0.723294	
40.000000	0.000000	9.062500	0.741840	
41.000000	0.000000	9.250000	0.760386	
42.000000	0.000000	9.812500	0.778932	
43.000000	0.000000	9.500000	0.797478	
44.000000	0.000000	10.125000	0.816024	
45.000000	0.000000	10.187500	0.834570	
46.000000	0.000000	10.437500	0.853116	
47.000000	0.000000	9.750000	0.871662	
48.000000	0.000000	10.500000	0.890208	
49.000000	0.000000	11.750000	0.908754	
50.000000	0.000000	11.437500	0.927300	
51.000000	0.000000	10.625000	0.945846	
52.000000	0.000000	11.687500	0.964392	
53.000000	0.000000	11.250000	0.982938	
54.000000	0.000000	10.875000	1.001484	
55.000000	0.000000	11.000000	1.020030	
56.000000	0.000000	12.187500	1.038576	
57.000000	0.000000	12.125000	1.057122	
58.000000	0.000000	11.625000	1.075668	
59.000000	0.000000	12.250000	1.094214	
60.000000	0.000000	13.250000	1.112760	
61.000000	0.000000	13.000000	1.131306	
62.000000	0.000000	12.000000	1.149852	
63.000000	0.000000	12.625000	1.168398	
64.000000	0.000000	12.750000	1.186944	
