#NUM_THREADS
2.000000	0.000000	0.000000	0.039936	
3.000000	0.000000	0.500000	0.059904	
4.000000	0.000000	0.875000	0.079872	
5.000000	0.000000	1.000000	0.099840	
6.000000	0.000000	1.125000	0.119808	
7.000000	0.000000	1.875000	0.139776	
8.000000	0.000000	1.937500	0.159744	
9.000000	0.000000	1.875000	0.179712	
10.000000	0.000000	2.750000	0.199681	
11.000000	0.000000	3.062500	0.219649	
12.000000	0.000000	3.562500	0.239617	
13.000000	0.000000	3.375000	0.259585	
14.000000	0.000000	3.625000	0.279553	
15.000000	0.000000	3.625000	0.299521	
16.000000	0.000000	4.687500	0.319489	
17.000000	0.000000	5.062500	0.339457	
18.000000	0.000000	5.500000	0.359425	
19.000000	0.000000	4.812500	0.379393	
20.000000	0.000000	5.812500	0.399361	
21.000000	0.000000	5.625000	0.419329	
22.000000	0.000000	6.250000	0.439297	
23.000000	0.000000	5.875000	0.459265	
24.000000	0.000000	6.062500	0.479233	
25.000000	0.000000	6.500000	0.499201	
26.000000	0.000000	6.312500	0.519169	
27.000000	0.000000	6.812500	0.539137	
28.000000	0.000000	6.875000	0.559105	
29.000000	0.000000	7.187500	0.579073	
30.000000	0.000000	7.562500	0.599042	
31.000000	0.000000	8.000000	0.619010	
32.000000	0.000000	7.937500	0.638978	
33.000000	0.000000	8.500000	0.658946	
34.000000	0.000000	8.250000	0.678914	
35.000000	0.000000	8.250000	0.698882	
36.000000	0.000000	8.250000	0.718850	
37.000000	0.000000	8.125000	0.738818	
38.000000	0.000000	9.250000	0.758786	
39.000000	0.000000	8.937500	0.778754	
40.000000	0.000000	8.687500	0.798722	
41.000000	0.000000	9.375000	0.818690	
42.000000	0.000000	9.937500	0.838658	
43.000000	0.000000	10.312500	0.858626	
44.000000	0.000000	9.250000	0.878594	
45.000000	0.000000	9.937500	0.898562	
46.000000	0.000000	9.875000	0.918530	
47.000000	0.000000	10.375000	0.938498	
48.000000	0.000000	10.500000	0.958466	
49.000000	0.000000	10.562500	0.978435	
50.000000	0.000000	10.812500	0.998403	
51.000000	0.000000	10.687500	1.018371	
52.000000	0.000000	11.687500	1.038339	
53.000000	0.000000	11.687500	1.058307	
54.000000	0.000000	11.625000	1.078275	
55.000000	0.000000	11.062500	1.098243	
56.000000	0.000000	11.000000	1.118211	
57.000000	0.000000	11.875000	1.138179	
58.000000	0.000000	12.125000	1.158147	
59.000000	0.000000	11.437500	1.178115	
60.000000	0.000000	12.125000	1.198083	
61.000000	0.000000	11.937500	1.218051	
62.000000	0.000000	11.875000	1.238019	
63.000000	0.000000	12.125000	1.257987	
64.000000	0.000000	11.875000	1.277955	
