#NUM_THREADS
2.000000	0.000000	0.000000	0.378788	
3.000000	0.000000	0.000000	0.568182	
4.000000	0.000000	0.375000	0.757576	
5.000000	0.000000	0.687500	0.946970	
6.000000	0.000000	1.312500	1.136364	
7.000000	0.000000	1.812500	1.325758	
8.000000	0.000000	1.812500	1.515152	
9.000000	21.125000	2.187500	1.704545	
10.000000	173.437500	2.562500	1.893939	
11.000000	161.937500	2.375000	2.083333	
12.000000	573.500000	3.625000	2.272727	
13.000000	365.812500	3.187500	2.462121	
14.000000	437.000000	3.687500	2.651515	
15.000000	635.125000	4.000000	2.840909	
16.000000	738.250000	4.125000	3.030303	
17.000000	971.500000	4.562500	3.219697	
18.000000	1155.625000	5.437500	3.409091	
19.000000	1478.687500	5.875000	3.598485	
20.000000	1153.687500	5.625000	3.787879	
21.000000	1135.812500	5.937500	3.977273	
22.000000	4458.312500	13.687500	4.166667	
23.000000	4281.250000	12.750000	4.356061	
24.000000	3190.375000	10.875000	4.545455	
25.000000	4543.875000	12.937500	4.734848	
26.000000	1507.500000	6.375000	4.924242	
27.000000	5294.125000	16.375000	5.113636	
28.000000	6234.562500	18.062500	5.303030	
29.000000	7898.437500	25.812500	5.492424	
30.000000	7428.937500	20.687500	5.681818	
31.000000	6918.187500	22.562500	5.871212	
32.000000	8112.187500	26.187500	6.060606	
33.000000	10497.000000	33.750000	6.250000	
34.000000	9585.312500	31.125000	6.439394	
35.000000	10397.062500	31.750000	6.628788	
36.000000	14869.562500	50.187500	6.818182	
37.000000	17221.687500	59.312500	7.007576	
38.000000	14312.875000	44.562500	7.196970	
39.000000	12775.000000	35.937500	7.386364	
40.000000	11507.875000	33.312500	7.575758	
41.000000	18515.375000	62.437500	7.765152	
42.000000	18240.625000	59.437500	7.954545	
43.000000	16867.437500	49.312500	8.143939	
44.000000	19367.187500	58.062500	8.333333	
45.000000	17497.312500	53.250000	8.522727	
46.000000	24843.125000	72.625000	8.712121	
47.000000	25445.687500	84.562500	8.901515	
48.000000	19080.375000	62.000000	9.090909	
49.000000	18968.562500	56.500000	9.280303	
50.000000	22125.312500	70.500000	9.469697	
51.000000	26028.625000	83.875000	9.659091	
52.000000	22737.625000	62.875000	9.848485	
53.000000	30466.375000	98.687500	10.037879	
54.000000	23686.562500	78.062500	10.227273	
55.000000	34638.062500	106.375000	10.416667	
56.000000	28058.250000	91.312500	10.606061	
57.000000	34700.375000	106.750000	10.795455	
58.000000	30715.625000	91.562500	10.984848	
59.000000	28795.562500	87.312500	11.174242	
60.000000	20832.062500	57.375000	11.363636	
61.000000	25636.250000	86.687500	11.553030	
62.000000	31696.250000	93.812500	11.742424	
63.000000	33945.000000	107.562500	11.931818	
64.000000	42906.812500	145.187500	12.121212	
