#NUM_THREADS
2.000000	0.000000	0.062500	0.035411	
3.000000	0.000000	0.187500	0.053116	
4.000000	0.000000	0.250000	0.070822	
5.000000	0.000000	1.000000	0.088527	
6.000000	0.000000	1.187500	0.106232	
7.000000	0.000000	2.000000	0.123938	
8.000000	0.000000	1.750000	0.141643	
9.000000	0.000000	2.312500	0.159348	
10.000000	0.000000	2.625000	0.177054	
11.000000	0.000000	2.500000	0.194759	
12.000000	0.000000	3.000000	0.212465	
13.000000	0.000000	3.750000	0.230170	
14.000000	0.000000	3.875000	0.247875	
15.000000	0.000000	4.500000	0.265581	
16.000000	0.000000	4.750000	0.283286	
17.000000	0.000000	4.500000	0.300992	
18.000000	0.000000	5.312500	0.318697	
19.000000	0.000000	5.062500	0.336402	
20.000000	0.000000	5.375000	0.354108	
21.000000	0.000000	5.250000	0.371813	
22.000000	0.000000	5.937500	0.389518	
23.000000	0.000000	5.750000	0.407224	
24.000000	0.000000	6.312500	0.424929	
25.000000	0.000000	6.187500	0.442635	
26.000000	0.000000	6.375000	0.460340	
27.000000	0.000000	6.562500	0.478045	
28.000000	0.000000	7.000000	0.495751	
29.000000	0.000000	7.375000	0.513456	
30.000000	0.000000	7.750000	0.531161	
31.000000	0.000000	7.687500	0.548867	
32.000000	0.000000	7.750000	0.566572	
33.000000	0.000000	7.500000	0.584278	
34.000000	0.000000	8.125000	0.601983	
35.000000	0.000000	8.312500	0.619688	
36.000000	0.000000	8.125000	0.637394	
37.000000	0.000000	8.937500	0.655099	
38.000000	0.000000	8.625000	0.672805	
39.000000	0.000000	9.437500	0.690510	
40.000000	0.000000	8.937500	0.708215	
41.000000	0.000000	8.562500	0.725921	
42.000000	0.000000	9.937500	0.743626	
43.000000	0.000000	9.562500	0.761331	
44.000000	0.000000	9.062500	0.779037	
45.000000	0.000000	9.250000	0.796742	
46.000000	0.000000	10.000000	0.814448	
47.000000	0.000000	10.875000	0.832153	
48.000000	0.000000	9.937500	0.849858	
49.000000	0.000000	10.875000	0.867564	
50.000000	0.000000	10.937500	0.885269	
51.000000	0.000000	10.562500	0.902974	
52.000000	0.000000	11.437500	0.920680	
53.000000	0.000000	11.062500	0.938385	
54.000000	0.000000	11.375000	0.956091	
55.000000	0.000000	12.000000	0.973796	
56.000000	0.000000	11.625000	0.991501	
57.000000	0.000000	11.750000	1.009207	
58.000000	0.000000	11.500000	1.026912	
59.000000	0.000000	13.187500	1.044618	
60.000000	0.000000	11.750000	1.062323	
61.000000	0.000000	12.375000	1.080028	
62.000000	0.000000	12.875000	1.097734	
63.000000	0.000000	12.750000	1.115439	
64.000000	0.000000	12.812500	1.133144	
