#NUM_THREADS
1.77778
0
0
0.3003
2.35294
0
0
0.397456
2.88
0
0.2
0.486487
3.39394
0
0.363636
0.573301
3.90244
0
0.512195
0.659196
4.40816
0
0.571429
0.744622
4.91228
0
0.754386
0.829777
5.41538
0
0.938462
0.914761
5.91781
1.26027
1.09589
0.99963
6.41975
13.1235
1.24691
1.08442
6.92135
47.4944
1.46067
1.16915
7.42268
103.928
1.61856
1.25383
7.92381
162.638
1.7619
1.33848
8.42478
184.69
1.93805
1.4231
8.92562
230.636
2.07438
1.50771
9.42636
244.326
2.17829
1.59229
9.92701
336.978
2.48905
1.67686
10.4276
454.193
2.8
1.76142
10.9281
449.359
2.86275
1.84596
11.4286
517.23
3.09317
1.9305
11.929
683.071
3.57988
2.01503
12.4294
755.424
3.78531
2.09956
12.9297
776.054
3.87568
2.18408
13.4301
932.606
4.34197
2.26859
13.9303
1077
4.71144
2.3531
14.4306
1196.61
5.0622
2.43761
14.9309
1438.48
5.80645
2.52211
15.4311
1610.22
6.33333
2.60661
15.9313
1719.67
6.64378
2.6911
16.4315
2050.78
7.3029
2.7756
16.9317
2270.39
7.90763
2.86009
17.4319
2483.98
8.60311
2.94458
17.9321
2553.69
8.84528
3.02907
18.4322
2724.15
9.37729
3.11355
18.9324
2897.53
9.80071
3.19804
19.4325
3083.98
10.3322
3.28252
19.9327
3429.86
11.3771
3.367
20.4328
3551.79
11.6525
3.45148
20.9329
3841.84
12.4824
3.53596
21.433
4091.4
13.3707
3.62044
21.9331
4360.24
14.307
3.70492
22.4332
4677.41
15.368
3.7894
22.9333
4877.9
15.942
3.87387
23.4334
5247.62
16.8414
3.95835
23.9335
5427.48
17.4211
4.04282
24.4336
5830.09
18.748
4.1273
24.9337
6029.89
19.2944
4.21177
25.4338
6473
20.5792
4.29624
25.9338
6787.75
21.2621
4.38072
26.4339
7102.91
22.3242
4.46519
26.934
7437.87
23.3741
4.54966
27.4341
7737.31
24.3046
4.63413
27.9341
8151.96
25.6894
4.7186
28.4342
8396.89
26.4249
4.80307
28.9342
8882.36
28.0635
4.88754
29.4343
9183.1
28.8619
4.97201
29.9344
9610.2
30.4179
5.05648
30.4344
9823.03
31.0688
5.14095
30.9345
10208.6
32.1945
5.22542
31.4345
10598.1
33.3015
5.30988
31.9346
11092.5
34.8712
5.39435
32.4346
11475.6
36.2032
5.47882
32.9347
12071.3
38.1802
5.56329
