#NUM_THREADS
2.000000	0.000000	0.000000	0.033875	
3.000000	0.000000	0.062500	0.050813	
4.000000	0.000000	0.937500	0.067751	
5.000000	0.000000	1.000000	0.084688	
6.000000	0.000000	1.812500	0.101626	
7.000000	0.000000	1.937500	0.118564	
8.000000	0.000000	2.187500	0.135501	
9.000000	0.000000	2.500000	0.152439	
10.000000	0.000000	2.562500	0.169377	
11.000000	0.000000	2.500000	0.186314	
12.000000	0.000000	2.937500	0.203252	
13.000000	0.000000	3.562500	0.220190	
14.000000	0.000000	4.187500	0.237127	
15.000000	0.000000	4.625000	0.254065	
16.000000	0.000000	4.375000	0.271003	
17.000000	0.000000	4.687500	0.287940	
18.000000	0.000000	5.000000	0.304878	
19.000000	0.000000	5.125000	0.321816	
20.000000	0.000000	5.500000	0.338753	
21.000000	0.000000	5.375000	0.355691	
22.000000	0.000000	5.750000	0.372629	
23.000000	0.000000	6.000000	0.389566	
24.000000	0.000000	6.562500	0.406504	
25.000000	0.000000	7.000000	0.423442	
26.000000	0.000000	6.687500	0.440379	
27.000000	0.000000	7.062500	0.457317	
28.000000	0.000000	7.187500	0.474255	
29.000000	0.000000	7.562500	0.491192	
30.000000	0.000000	7.375000	0.508130	
31.000000	0.000000	7.812500	0.525068	
32.000000	0.000000	7.625000	0.542005	
33.000000	0.000000	8.375000	0.558943	
34.000000	0.000000	7.250000	0.575881	
35.000000	0.000000	8.125000	0.592818	
36.000000	0.000000	8.375000	0.609756	
37.000000	0.000000	8.687500	0.626694	
38.000000	0.000000	9.375000	0.643631	
39.000000	0.000000	9.312500	0.660569	
40.000000	0.000000	9.312500	0.677507	
41.000000	0.000000	10.312500	0.694444	
42.000000	0.000000	9.750000	0.711382	
43.000000	0.000000	10.000000	0.728320	
44.000000	0.000000	9.937500	0.745257	
45.000000	0.000000	10.812500	0.762195	
46.000000	0.000000	11.437500	0.779133	
47.000000	0.000000	10.750000	0.796070	
48.000000	0.000000	10.000000	0.813008	
49.000000	0.000000	10.875000	0.829946	
50.000000	0.000000	10.687500	0.846883	
51.000000	0.000000	10.562500	0.863821	
52.000000	0.000000	10.937500	0.880759	
53.000000	0.000000	13.062500	0.897696	
54.000000	0.000000	11.812500	0.914634	
55.000000	0.000000	11.750000	0.931572	
56.000000	0.000000	12.000000	0.948510	
57.000000	0.000000	12.062500	0.965447	
58.000000	0.000000	11.625000	0.982385	
59.000000	0.000000	12.687500	0.999322	
60.000000	0.000000	12.625000	1.016260	
61.000000	0.000000	12.687500	1.033198	
62.000000	0.000000	12.687500	1.050135	
63.000000	0.000000	12.500000	1.067073	
64.000000	0.000000	12.312500	1.084011	
