#NUM_THREADS
2.000000	0.000000	0.000000	0.038941	
3.000000	0.000000	0.687500	0.058411	
4.000000	0.000000	0.937500	0.077882	
5.000000	0.000000	1.062500	0.097352	
6.000000	0.000000	1.250000	0.116822	
7.000000	0.000000	1.750000	0.136293	
8.000000	0.000000	1.812500	0.155763	
9.000000	0.000000	2.687500	0.175234	
10.000000	0.000000	2.750000	0.194704	
11.000000	0.000000	3.187500	0.214174	
12.000000	0.000000	3.312500	0.233645	
13.000000	0.000000	3.562500	0.253115	
14.000000	0.000000	3.562500	0.272586	
15.000000	0.000000	4.125000	0.292056	
16.000000	0.000000	4.500000	0.311526	
17.000000	0.000000	4.312500	0.330997	
18.000000	0.000000	4.750000	0.350467	
19.000000	0.000000	5.437500	0.369938	
20.000000	0.000000	5.062500	0.389408	
21.000000	0.000000	5.250000	0.408879	
22.000000	0.000000	6.000000	0.428349	
23.000000	0.000000	6.062500	0.447819	
24.000000	0.000000	5.312500	0.467290	
25.000000	0.000000	6.437500	0.486760	
26.000000	0.000000	6.500000	0.506231	
27.000000	0.000000	7.062500	0.525701	
28.000000	0.000000	7.125000	0.545171	
29.000000	0.000000	7.312500	0.564642	
30.000000	0.000000	7.500000	0.584112	
31.000000	0.000000	6.875000	0.603583	
32.000000	0.000000	7.437500	0.623053	
33.000000	0.000000	7.750000	0.642523	
34.000000	0.000000	7.937500	0.661994	
35.000000	0.000000	8.312500	0.681464	
36.000000	0.000000	8.750000	0.700935	
37.000000	0.000000	8.312500	0.720405	
38.000000	0.000000	9.062500	0.739875	
39.000000	0.000000	8.437500	0.759346	
40.000000	0.000000	9.875000	0.778816	
41.000000	0.000000	9.750000	0.798287	
42.000000	0.000000	9.187500	0.817757	
43.000000	0.000000	9.750000	0.837227	
44.000000	0.000000	10.375000	0.856698	
45.000000	0.000000	10.312500	0.876168	
46.000000	0.000000	10.125000	0.895639	
47.000000	0.000000	10.000000	0.915109	
48.000000	0.000000	10.375000	0.934579	
49.000000	0.000000	10.625000	0.954050	
50.000000	0.000000	9.937500	0.973520	
51.000000	0.000000	11.437500	0.992991	
52.000000	0.000000	11.187500	1.012461	
53.000000	0.000000	11.562500	1.031932	
54.000000	0.000000	11.312500	1.051402	
55.000000	0.000000	11.312500	1.070872	
56.000000	0.000000	12.000000	1.090343	
57.000000	0.000000	12.000000	1.109813	
58.000000	0.000000	12.000000	1.129284	
59.000000	0.000000	11.562500	1.148754	
60.000000	0.000000	12.250000	1.168224	
61.000000	0.000000	12.375000	1.187695	
62.000000	0.000000	12.375000	1.207165	
63.000000	0.000000	12.437500	1.226635	
64.000000	0.000000	12.187500	1.246106	
