#NUM_THREADS
2.000000	0.000000	0.000000	0.034626	
3.000000	0.000000	0.312500	0.051939	
4.000000	0.000000	1.000000	0.069252	
5.000000	0.000000	1.000000	0.086565	
6.000000	0.000000	1.375000	0.103878	
7.000000	0.000000	1.312500	0.121191	
8.000000	0.000000	1.937500	0.138504	
9.000000	0.000000	1.937500	0.155817	
10.000000	0.000000	2.375000	0.173130	
11.000000	0.000000	2.562500	0.190443	
12.000000	0.000000	3.187500	0.207756	
13.000000	0.000000	3.500000	0.225069	
14.000000	0.000000	3.687500	0.242382	
15.000000	0.000000	3.750000	0.259695	
16.000000	0.000000	4.125000	0.277008	
17.000000	0.000000	4.625000	0.294321	
18.000000	0.000000	4.625000	0.311634	
19.000000	0.000000	5.375000	0.328947	
20.000000	0.000000	5.500000	0.346260	
21.000000	0.000000	6.000000	0.363573	
22.000000	0.000000	6.062500	0.380886	
23.000000	0.000000	5.625000	0.398199	
24.000000	0.000000	6.437500	0.415512	
25.000000	0.000000	7.062500	0.432825	
26.000000	0.000000	7.375000	0.450139	
27.000000	0.000000	7.062500	0.467452	
28.000000	0.000000	7.125000	0.484765	
29.000000	0.000000	7.562500	0.502078	
30.000000	0.000000	7.187500	0.519391	
31.000000	0.000000	7.750000	0.536704	
32.000000	0.000000	8.000000	0.554017	
33.000000	0.000000	8.125000	0.571330	
34.000000	0.000000	8.625000	0.588643	
35.000000	0.000000	8.125000	0.605956	
36.000000	0.000000	8.687500	0.623269	
37.000000	0.000000	7.937500	0.640582	
38.000000	0.000000	8.750000	0.657895	
39.000000	0.000000	9.375000	0.675208	
40.000000	0.000000	9.000000	0.692521	
41.000000	0.000000	9.562500	0.709834	
42.000000	0.000000	9.937500	0.727147	
43.000000	0.000000	9.250000	0.744460	
44.000000	0.000000	10.000000	0.761773	
45.000000	0.000000	9.500000	0.779086	
46.000000	0.000000	10.250000	0.796399	
47.000000	0.000000	9.937500	0.813712	
48.000000	0.000000	10.062500	0.831025	
49.000000	0.000000	10.250000	0.848338	
50.000000	0.000000	10.187500	0.865651	
51.000000	0.000000	11.375000	0.882964	
52.000000	0.000000	10.250000	0.900277	
53.000000	0.000000	11.500000	0.917590	
54.000000	0.000000	11.687500	0.934903	
55.000000	0.000000	11.750000	0.952216	
56.000000	0.000000	12.250000	0.969529	
57.000000	0.000000	11.875000	0.986842	
58.000000	0.000000	12.000000	1.004155	
59.000000	0.000000	12.250000	1.021468	
60.000000	0.000000	12.500000	1.038781	
61.000000	0.000000	13.187500	1.056094	
62.000000	0.000000	12.125000	1.073407	
63.000000	0.000000	13.375000	1.090720	
64.000000	0.000000	12.812500	1.108033	
