#NUM_THREADS
2.000000	0.000000	0.000000	0.032468	
3.000000	0.000000	0.187500	0.048701	
4.000000	0.000000	0.875000	0.064935	
5.000000	0.000000	1.000000	0.081169	
6.000000	0.000000	1.562500	0.097403	
7.000000	0.000000	1.875000	0.113636	
8.000000	0.000000	1.562500	0.129870	
9.000000	0.000000	1.812500	0.146104	
10.000000	0.000000	2.000000	0.162338	
11.000000	0.000000	2.500000	0.178571	
12.000000	0.000000	3.562500	0.194805	
13.000000	0.000000	3.375000	0.211039	
14.000000	0.000000	4.187500	0.227273	
15.000000	0.000000	4.375000	0.243506	
16.000000	0.000000	4.000000	0.259740	
17.000000	0.000000	4.312500	0.275974	
18.000000	0.000000	5.000000	0.292208	
19.000000	0.000000	4.562500	0.308442	
20.000000	0.000000	5.562500	0.324675	
21.000000	0.000000	5.250000	0.340909	
22.000000	0.000000	6.062500	0.357143	
23.000000	0.000000	6.125000	0.373377	
24.000000	0.000000	5.812500	0.389610	
25.000000	0.000000	6.000000	0.405844	
26.000000	0.000000	6.937500	0.422078	
27.000000	0.000000	7.125000	0.438312	
28.000000	0.000000	6.937500	0.454545	
29.000000	0.000000	7.125000	0.470779	
30.000000	0.000000	7.750000	0.487013	
31.000000	0.000000	7.812500	0.503247	
32.000000	0.000000	7.250000	0.519481	
33.000000	0.000000	7.750000	0.535714	
34.000000	0.000000	7.750000	0.551948	
35.000000	0.000000	8.250000	0.568182	
36.000000	0.000000	8.875000	0.584416	
37.000000	0.000000	8.875000	0.600649	
38.000000	0.000000	8.437500	0.616883	
39.000000	0.000000	8.562500	0.633117	
40.000000	0.000000	8.562500	0.649351	
41.000000	0.000000	9.500000	0.665584	
42.000000	0.000000	9.312500	0.681818	
43.000000	0.000000	9.875000	0.698052	
44.000000	0.000000	9.562500	0.714286	
45.000000	0.000000	10.375000	0.730519	
46.000000	0.000000	9.812500	0.746753	
47.000000	0.000000	10.875000	0.762987	
48.000000	0.000000	10.375000	0.779221	
49.000000	0.000000	11.062500	0.795455	
50.000000	0.000000	10.875000	0.811688	
51.000000	0.000000	10.875000	0.827922	
52.000000	0.000000	11.500000	0.844156	
53.000000	0.000000	11.312500	0.860390	
54.000000	0.000000	11.000000	0.876623	
55.000000	0.000000	10.875000	0.892857	
56.000000	0.000000	11.250000	0.909091	
57.000000	0.000000	11.562500	0.925325	
58.000000	0.000000	12.312500	0.941558	
59.000000	0.000000	12.937500	0.957792	
60.000000	0.000000	13.125000	0.974026	
61.000000	0.000000	12.625000	0.990260	
62.000000	0.000000	12.937500	1.006493	
63.000000	0.000000	13.250000	1.022727	
64.000000	0.000000	13.187500	1.038961	
