#NUM_THREADS
2.000000	0.000000	0.000000	0.030562	
3.000000	0.000000	0.000000	0.045844	
4.000000	0.000000	0.937500	0.061125	
5.000000	0.000000	1.000000	0.076406	
6.000000	0.000000	1.500000	0.091687	
7.000000	0.000000	1.812500	0.106968	
8.000000	0.000000	1.937500	0.122249	
9.000000	0.000000	2.312500	0.137531	
10.000000	0.000000	2.562500	0.152812	
11.000000	0.000000	2.625000	0.168093	
12.000000	0.000000	3.312500	0.183374	
13.000000	0.000000	3.812500	0.198655	
14.000000	0.000000	3.250000	0.213936	
15.000000	0.000000	4.062500	0.229218	
16.000000	0.000000	4.437500	0.244499	
17.000000	0.000000	4.562500	0.259780	
18.000000	0.000000	4.875000	0.275061	
19.000000	0.000000	5.062500	0.290342	
20.000000	0.000000	5.437500	0.305623	
21.000000	0.000000	5.750000	0.320905	
22.000000	0.000000	6.250000	0.336186	
23.000000	0.000000	6.562500	0.351467	
24.000000	0.000000	6.500000	0.366748	
25.000000	0.000000	6.000000	0.382029	
26.000000	0.000000	6.875000	0.397311	
27.000000	0.000000	7.000000	0.412592	
28.000000	0.000000	7.375000	0.427873	
29.000000	0.000000	7.812500	0.443154	
30.000000	0.000000	7.500000	0.458435	
31.000000	0.000000	7.500000	0.473716	
32.000000	0.000000	7.625000	0.488998	
33.000000	0.000000	7.187500	0.504279	
34.000000	0.000000	7.375000	0.519560	
35.000000	0.000000	8.562500	0.534841	
36.000000	0.000000	8.687500	0.550122	
37.000000	0.000000	8.375000	0.565403	
38.000000	0.000000	9.250000	0.580685	
39.000000	0.000000	10.062500	0.595966	
40.000000	0.000000	9.937500	0.611247	
41.000000	0.000000	10.125000	0.626528	
42.000000	0.000000	9.250000	0.641809	
43.000000	0.000000	9.937500	0.657090	
44.000000	0.000000	10.375000	0.672372	
45.000000	0.000000	9.750000	0.687653	
46.000000	0.000000	10.187500	0.702934	
47.000000	0.000000	10.437500	0.718215	
48.000000	0.000000	9.625000	0.733496	
49.000000	0.000000	10.375000	0.748778	
50.000000	0.000000	10.312500	0.764059	
51.000000	0.000000	11.062500	0.779340	
52.000000	0.000000	10.937500	0.794621	
53.000000	0.000000	11.062500	0.809902	
54.000000	0.000000	11.250000	0.825183	
55.000000	0.000000	11.750000	0.840465	
56.000000	0.000000	12.375000	0.855746	
57.000000	0.000000	12.625000	0.871027	
58.000000	0.000000	12.187500	0.886308	
59.000000	0.000000	12.687500	0.901589	
60.000000	0.000000	12.250000	0.916870	
61.000000	0.000000	13.187500	0.932152	
62.000000	0.000000	12.812500	0.947433	
63.000000	0.000000	12.937500	0.962714	
64.000000	0.000000	12.625000	0.977995	
