#NUM_THREADS
2.000000	0.000000	0.000000	0.304878	
3.000000	0.000000	0.000000	0.457317	
4.000000	0.000000	0.812500	0.609756	
5.000000	0.000000	1.000000	0.762195	
6.000000	0.000000	1.062500	0.914634	
7.000000	0.000000	1.687500	1.067073	
8.000000	108.312500	1.687500	1.219512	
9.000000	0.000000	2.062500	1.371951	
10.000000	79.187500	2.625000	1.524390	
11.000000	57.687500	2.625000	1.676829	
12.000000	67.625000	2.375000	1.829268	
13.000000	400.062500	3.687500	1.981707	
14.000000	578.750000	4.312500	2.134146	
15.000000	471.125000	3.812500	2.286585	
16.000000	1320.625000	5.125000	2.439024	
17.000000	1013.125000	5.625000	2.591463	
18.000000	2128.062500	7.437500	2.743902	
19.000000	522.125000	4.250000	2.896342	
20.000000	965.375000	4.937500	3.048780	
21.000000	2349.250000	9.312500	3.201220	
22.000000	1641.125000	7.187500	3.353658	
23.000000	2617.750000	9.062500	3.506098	
24.000000	2190.312500	8.312500	3.658537	
25.000000	3523.687500	11.750000	3.810976	
26.000000	3028.000000	11.062500	3.963415	
27.000000	2778.000000	9.375000	4.115854	
28.000000	2667.187500	10.562500	4.268293	
29.000000	7491.875000	23.875000	4.420732	
30.000000	5277.062500	17.750000	4.573171	
31.000000	5821.062500	19.562500	4.725610	
32.000000	7518.187500	24.937500	4.878049	
33.000000	7818.375000	24.125000	5.030488	
34.000000	9296.687500	31.000000	5.182927	
35.000000	7195.812500	22.937500	5.335366	
36.000000	10739.437500	33.437500	5.487805	
37.000000	10738.187500	36.687500	5.640244	
38.000000	8115.625000	26.062500	5.792683	
39.000000	10738.437500	32.562500	5.945122	
40.000000	12517.187500	41.312500	6.097561	
41.000000	12381.750000	42.062500	6.250000	
42.000000	17964.687500	55.187500	6.402439	
43.000000	11773.375000	39.625000	6.554878	
44.000000	14395.937500	43.625000	6.707317	
45.000000	11576.000000	35.562500	6.859756	
46.000000	21644.312500	69.500000	7.012195	
47.000000	16460.250000	51.062500	7.164634	
48.000000	12591.250000	35.687500	7.317073	
49.000000	19591.625000	58.437500	7.469512	
50.000000	15555.125000	53.500000	7.621951	
51.000000	20157.437500	56.250000	7.774390	
52.000000	28364.562500	91.062500	7.926829	
53.000000	21948.750000	65.437500	8.079268	
54.000000	22569.500000	68.625000	8.231708	
55.000000	23903.875000	76.000000	8.384147	
56.000000	24511.625000	71.437500	8.536586	
57.000000	25284.062500	77.875000	8.689024	
58.000000	30852.937500	100.000000	8.841463	
59.000000	21735.312500	60.562500	8.993902	
60.000000	31582.125000	103.625000	9.146341	
61.000000	35850.250000	105.625000	9.298780	
62.000000	36970.562500	121.187500	9.451220	
63.000000	33461.125000	101.437500	9.603659	
64.000000	28956.625000	93.875000	9.756098	
