#NUM_THREADS
2.000000	0.000000	0.062500	0.028868	
3.000000	0.000000	0.312500	0.043303	
4.000000	0.000000	1.000000	0.057737	
5.000000	0.000000	1.000000	0.072171	
6.000000	0.000000	1.562500	0.086605	
7.000000	0.000000	1.812500	0.101039	
8.000000	0.000000	1.437500	0.115473	
9.000000	0.000000	1.875000	0.129908	
10.000000	0.000000	2.750000	0.144342	
11.000000	0.000000	2.625000	0.158776	
12.000000	0.000000	2.625000	0.173210	
13.000000	0.000000	3.625000	0.187644	
14.000000	0.000000	3.500000	0.202079	
15.000000	0.000000	4.125000	0.216513	
16.000000	0.000000	4.125000	0.230947	
17.000000	0.000000	4.625000	0.245381	
18.000000	0.000000	4.937500	0.259815	
19.000000	0.000000	5.375000	0.274249	
20.000000	0.000000	5.750000	0.288684	
21.000000	0.000000	5.375000	0.303118	
22.000000	0.000000	5.187500	0.317552	
23.000000	0.000000	5.687500	0.331986	
24.000000	0.000000	6.187500	0.346420	
25.000000	0.000000	6.187500	0.360855	
26.000000	0.000000	6.812500	0.375289	
27.000000	0.000000	7.187500	0.389723	
28.000000	0.000000	7.375000	0.404157	
29.000000	0.000000	7.875000	0.418591	
30.000000	0.000000	7.812500	0.433025	
31.000000	0.000000	8.000000	0.447460	
32.000000	0.000000	8.312500	0.461894	
33.000000	0.000000	8.500000	0.476328	
34.000000	0.000000	7.812500	0.490762	
35.000000	0.000000	8.250000	0.505196	
36.000000	0.000000	8.750000	0.519630	
37.000000	0.000000	8.687500	0.534065	
38.000000	0.000000	8.750000	0.548499	
39.000000	0.000000	8.687500	0.562933	
40.000000	0.000000	8.625000	0.577367	
41.000000	0.000000	9.500000	0.591801	
42.000000	0.000000	8.937500	0.606236	
43.000000	0.000000	10.062500	0.620670	
44.000000	0.000000	9.750000	0.635104	
45.000000	0.000000	9.875000	0.649538	
46.000000	0.000000	9.937500	0.663972	
47.000000	0.000000	10.687500	0.678406	
48.000000	0.000000	10.312500	0.692841	
49.000000	0.000000	11.375000	0.707275	
50.000000	0.000000	10.562500	0.721709	
51.000000	0.000000	10.500000	0.736143	
52.000000	0.000000	11.000000	0.750577	
53.000000	0.000000	11.062500	0.765012	
54.000000	0.000000	11.437500	0.779446	
55.000000	0.000000	11.500000	0.793880	
56.000000	0.000000	11.562500	0.808314	
57.000000	0.000000	11.750000	0.822748	
58.000000	0.000000	12.062500	0.837182	
59.000000	0.000000	12.000000	0.851617	
60.000000	0.000000	12.500000	0.866051	
61.000000	0.000000	12.250000	0.880485	
62.000000	0.000000	12.687500	0.894919	
63.000000	0.000000	12.750000	0.909353	
64.000000	0.000000	14.125000	0.923788	
