#NUM_THREADS
2.000000	0.000000	0.000000	0.029976	
3.000000	0.000000	0.312500	0.044964	
4.000000	0.000000	1.000000	0.059952	
5.000000	0.000000	1.000000	0.074940	
6.000000	0.000000	1.500000	0.089928	
7.000000	0.000000	1.562500	0.104916	
8.000000	0.000000	2.062500	0.119904	
9.000000	0.000000	2.125000	0.134892	
10.000000	0.000000	2.250000	0.149880	
11.000000	0.000000	3.000000	0.164868	
12.000000	0.000000	3.250000	0.179856	
13.000000	0.000000	4.000000	0.194844	
14.000000	0.000000	4.750000	0.209832	
15.000000	0.000000	4.437500	0.224820	
16.000000	0.000000	4.562500	0.239808	
17.000000	0.000000	4.062500	0.254796	
18.000000	0.000000	4.937500	0.269784	
19.000000	0.000000	5.375000	0.284772	
20.000000	0.000000	5.687500	0.299760	
21.000000	0.000000	5.937500	0.314748	
22.000000	0.000000	5.687500	0.329736	
23.000000	0.000000	6.125000	0.344724	
24.000000	0.000000	6.125000	0.359712	
25.000000	0.000000	5.812500	0.374700	
26.000000	0.000000	6.375000	0.389688	
27.000000	0.000000	7.000000	0.404676	
28.000000	0.000000	7.312500	0.419664	
29.000000	0.000000	7.625000	0.434652	
30.000000	0.000000	7.937500	0.449640	
31.000000	0.000000	7.687500	0.464628	
32.000000	0.000000	7.937500	0.479616	
33.000000	0.000000	8.062500	0.494604	
34.000000	0.000000	8.437500	0.509592	
35.000000	0.000000	8.062500	0.524580	
36.000000	0.000000	9.000000	0.539568	
37.000000	0.000000	8.250000	0.554556	
38.000000	0.000000	8.875000	0.569544	
39.000000	0.000000	9.625000	0.584532	
40.000000	0.000000	9.000000	0.599520	
41.000000	0.000000	9.812500	0.614508	
42.000000	0.000000	9.562500	0.629496	
43.000000	0.000000	10.562500	0.644484	
44.000000	0.000000	9.000000	0.659472	
45.000000	0.000000	9.937500	0.674460	
46.000000	0.000000	9.750000	0.689448	
47.000000	0.000000	10.687500	0.704436	
48.000000	0.000000	10.000000	0.719424	
49.000000	0.000000	10.125000	0.734412	
50.000000	0.000000	10.125000	0.749400	
51.000000	0.000000	10.875000	0.764389	
52.000000	0.000000	11.375000	0.779377	
53.000000	0.000000	11.562500	0.794365	
54.000000	0.000000	12.625000	0.809353	
55.000000	0.000000	10.562500	0.824341	
56.000000	0.000000	11.937500	0.839329	
57.000000	0.000000	12.125000	0.854317	
58.000000	0.000000	13.000000	0.869305	
59.000000	0.000000	12.437500	0.884293	
60.000000	0.000000	12.500000	0.899281	
61.000000	0.000000	12.937500	0.914269	
62.000000	0.000000	12.625000	0.929257	
63.000000	0.000000	13.000000	0.944245	
64.000000	0.000000	13.625000	0.959233	
