#NUM_THREADS
2.000000	0.000000	0.000000	0.031807	
3.000000	0.000000	0.562500	0.047710	
4.000000	0.000000	1.000000	0.063613	
5.000000	0.000000	1.000000	0.079517	
6.000000	0.000000	1.625000	0.095420	
7.000000	0.000000	1.500000	0.111323	
8.000000	0.000000	2.000000	0.127226	
9.000000	0.000000	2.062500	0.143130	
10.000000	0.000000	2.437500	0.159033	
11.000000	0.000000	3.312500	0.174936	
12.000000	0.000000	2.875000	0.190840	
13.000000	0.000000	3.812500	0.206743	
14.000000	0.000000	3.750000	0.222646	
15.000000	0.000000	4.187500	0.238550	
16.000000	0.000000	4.375000	0.254453	
17.000000	0.000000	4.375000	0.270356	
18.000000	0.000000	4.937500	0.286260	
19.000000	0.000000	5.000000	0.302163	
20.000000	0.000000	5.187500	0.318066	
21.000000	0.000000	5.562500	0.333969	
22.000000	0.000000	6.187500	0.349873	
23.000000	0.000000	5.937500	0.365776	
24.000000	0.000000	6.250000	0.381679	
25.000000	0.000000	6.000000	0.397583	
26.000000	0.000000	6.187500	0.413486	
27.000000	0.000000	6.812500	0.429389	
28.000000	0.000000	7.062500	0.445293	
29.000000	0.000000	7.250000	0.461196	
30.000000	0.000000	8.312500	0.477099	
31.000000	0.000000	7.437500	0.493003	
32.000000	0.000000	8.375000	0.508906	
33.000000	0.000000	8.000000	0.524809	
34.000000	0.000000	8.750000	0.540712	
35.000000	0.000000	9.562500	0.556616	
36.000000	0.000000	8.250000	0.572519	
37.000000	0.000000	8.812500	0.588422	
38.000000	0.000000	9.125000	0.604326	
39.000000	0.000000	8.750000	0.620229	
40.000000	0.000000	8.937500	0.636132	
41.000000	0.000000	9.250000	0.652036	
42.000000	0.000000	9.187500	0.667939	
43.000000	0.000000	9.687500	0.683842	
44.000000	0.000000	9.375000	0.699746	
45.000000	0.000000	10.250000	0.715649	
46.000000	0.000000	10.750000	0.731552	
47.000000	0.000000	10.062500	0.747455	
48.000000	0.000000	10.062500	0.763359	
49.000000	0.000000	10.937500	0.779262	
50.000000	0.000000	11.500000	0.795165	
51.000000	0.000000	11.500000	0.811069	
52.000000	0.000000	11.250000	0.826972	
53.000000	0.000000	11.687500	0.842875	
54.000000	0.000000	11.375000	0.858779	
55.000000	0.000000	11.875000	0.874682	
56.000000	0.000000	12.312500	0.890585	
57.000000	0.000000	12.250000	0.906489	
58.000000	0.000000	11.875000	0.922392	
59.000000	0.000000	11.875000	0.938295	
60.000000	0.000000	12.562500	0.954198	
61.000000	0.000000	13.000000	0.970102	
62.000000	0.000000	13.187500	0.986005	
63.000000	0.000000	12.625000	1.001908	
64.000000	0.000000	12.812500	1.017812	
