#NUM_THREADS
1.77778
0
0
0.246914
2.35294
0
0.0588235
0.326798
2.88
0
0.08
0.4
3.39394
0
0.212121
0.471381
3.90244
0
0.536585
0.542005
4.40816
0
0.734694
0.612245
4.91228
0
0.877193
0.682261
5.41538
0
1.07692
0.752137
5.91781
0
1.26027
0.821918
6.41975
0
1.41975
0.891632
6.92135
8.26966
1.58427
0.961298
7.42268
9.15464
1.69072
1.03093
7.92381
27.6952
1.82857
1.10053
8.42478
60.6549
2.02655
1.17011
8.92562
76.3967
2.14876
1.23967
9.42636
78.6744
2.25581
1.30922
9.92701
113.825
2.40146
1.37875
10.4276
176.924
2.62069
1.44828
10.9281
205.882
2.68627
1.51779
11.4286
219.901
2.79503
1.5873
11.929
304.905
3.08284
1.6568
12.4294
421.322
3.36723
1.7263
12.9297
520.022
3.61081
1.7958
13.4301
627.57
3.91192
1.86528
13.9303
732.96
4.1592
1.93477
14.4306
788.947
4.30144
2.00425
14.9309
910.281
4.64055
2.07373
15.4311
1016.22
4.92889
2.14321
15.9313
1096.03
5.23176
2.21268
16.4315
1260.66
5.64315
2.28216
16.9317
1365.37
5.8996
2.35163
17.4319
1478.09
6.3035
2.4211
17.9321
1634.96
6.71698
2.49057
18.4322
1886
7.40659
2.56003
18.9324
2029.98
7.82562
2.6295
19.4325
2191.94
8.38754
2.69896
19.9327
2446.38
9.09091
2.76842
20.4328
2744.53
10.1148
2.83789
20.9329
2945
10.8371
2.90735
21.433
3132.8
11.4393
2.97681
21.9331
3471.65
12.5015
3.04627
22.4332
3782.31
13.543
3.11573
22.9333
4107.22
14.6957
3.18519
23.4334
4345.05
15.3824
3.25464
23.9335
4567.36
16.0776
3.3241
24.4336
4797.92
16.8022
3.39356
24.9337
5117.96
17.7931
3.46301
25.4338
5303.5
18.3766
3.53247
25.9338
5565.34
19.0865
3.60192
26.4339
5949.92
20.3392
3.67138
26.934
6163.82
20.8582
3.74083
27.4341
6371.03
21.4796
3.81029
27.9341
6880.06
23.0965
3.87974
28.4342
7299.17
24.3788
3.94919
28.9342
7699.98
25.6893
4.01864
29.4343
8022.94
26.7461
4.0881
29.9344
8222.01
27.4836
4.15755
30.4344
8608.59
28.8774
4.227
30.9345
8979.58
29.833
4.29645
31.4345
9393.16
31.0728
4.3659
31.9346
9847.26
32.2883
4.43536
32.4346
10190.7
33.2656
4.50481
32.9347
10422.6
34.0594
4.57426
