#NUM_THREADS
2.000000	0.000000	0.000000	0.026882	
3.000000	0.000000	0.000000	0.040323	
4.000000	0.000000	0.562500	0.053763	
5.000000	0.000000	1.000000	0.067204	
6.000000	0.000000	1.375000	0.080645	
7.000000	0.000000	1.375000	0.094086	
8.000000	0.000000	1.812500	0.107527	
9.000000	0.000000	2.062500	0.120968	
10.000000	0.000000	2.375000	0.134409	
11.000000	0.000000	2.562500	0.147849	
12.000000	0.000000	2.687500	0.161290	
13.000000	0.000000	3.125000	0.174731	
14.000000	0.000000	3.562500	0.188172	
15.000000	0.000000	3.812500	0.201613	
16.000000	0.000000	5.000000	0.215054	
17.000000	0.000000	4.625000	0.228495	
18.000000	0.000000	4.000000	0.241935	
19.000000	0.000000	5.000000	0.255376	
20.000000	0.000000	4.875000	0.268817	
21.000000	0.000000	5.687500	0.282258	
22.000000	0.000000	5.500000	0.295699	
23.000000	0.000000	5.937500	0.309140	
24.000000	0.000000	6.250000	0.322581	
25.000000	0.000000	6.437500	0.336022	
26.000000	0.000000	6.750000	0.349462	
27.000000	0.000000	6.812500	0.362903	
28.000000	0.000000	7.125000	0.376344	
29.000000	0.000000	7.562500	0.389785	
30.000000	0.000000	7.250000	0.403226	
31.000000	0.000000	7.000000	0.416667	
32.000000	0.000000	7.562500	0.430108	
33.000000	0.000000	8.062500	0.443548	
34.000000	0.000000	8.500000	0.456989	
35.000000	0.000000	8.375000	0.470430	
36.000000	0.000000	8.812500	0.483871	
37.000000	0.000000	8.562500	0.497312	
38.000000	0.000000	8.500000	0.510753	
39.000000	0.000000	8.625000	0.524194	
40.000000	0.000000	8.687500	0.537634	
41.000000	0.000000	9.562500	0.551075	
42.000000	0.000000	10.250000	0.564516	
43.000000	0.000000	9.875000	0.577957	
44.000000	0.000000	9.312500	0.591398	
45.000000	0.000000	10.312500	0.604839	
46.000000	0.000000	10.687500	0.618280	
47.000000	0.000000	10.312500	0.631720	
48.000000	0.000000	10.125000	0.645161	
49.000000	0.000000	10.750000	0.658602	
50.000000	0.000000	10.437500	0.672043	
51.000000	0.000000	10.812500	0.685484	
52.000000	0.000000	10.625000	0.698925	
53.000000	0.000000	11.125000	0.712366	
54.000000	0.000000	11.000000	0.725806	
55.000000	0.000000	10.937500	0.739247	
56.000000	0.000000	10.687500	0.752688	
57.000000	0.000000	11.875000	0.766129	
58.000000	0.000000	12.375000	0.779570	
59.000000	0.000000	12.375000	0.793011	
60.000000	0.000000	12.000000	0.806452	
61.000000	0.000000	13.250000	0.819892	
62.000000	0.000000	12.812500	0.833333	
63.000000	0.000000	12.375000	0.846774	
64.000000	0.000000	12.937500	0.860215	
