#NUM_THREADS
2.000000	0.000000	0.062500	0.025988	
3.000000	0.000000	0.000000	0.038981	
4.000000	0.000000	0.812500	0.051975	
5.000000	0.000000	0.875000	0.064969	
6.000000	0.000000	1.125000	0.077963	
7.000000	0.000000	1.562500	0.090956	
8.000000	0.000000	1.437500	0.103950	
9.000000	0.000000	2.312500	0.116944	
10.000000	0.000000	2.375000	0.129938	
11.000000	0.000000	2.875000	0.142931	
12.000000	0.000000	2.437500	0.155925	
13.000000	0.000000	3.625000	0.168919	
14.000000	0.000000	3.500000	0.181913	
15.000000	0.000000	4.562500	0.194906	
16.000000	0.000000	3.750000	0.207900	
17.000000	0.000000	4.187500	0.220894	
18.000000	0.000000	5.062500	0.233888	
19.000000	0.000000	4.812500	0.246881	
20.000000	0.000000	5.000000	0.259875	
21.000000	0.000000	5.562500	0.272869	
22.000000	0.000000	5.937500	0.285863	
23.000000	0.000000	5.750000	0.298857	
24.000000	0.000000	6.500000	0.311850	
25.000000	0.000000	5.625000	0.324844	
26.000000	0.000000	7.187500	0.337838	
27.000000	0.000000	7.250000	0.350832	
28.000000	0.000000	6.875000	0.363825	
29.000000	0.000000	7.062500	0.376819	
30.000000	0.000000	7.250000	0.389813	
31.000000	0.000000	7.375000	0.402807	
32.000000	0.000000	7.750000	0.415800	
33.000000	0.000000	7.875000	0.428794	
34.000000	0.000000	8.437500	0.441788	
35.000000	0.000000	8.312500	0.454782	
36.000000	0.000000	8.375000	0.467775	
37.000000	0.000000	9.375000	0.480769	
38.000000	0.000000	8.875000	0.493763	
39.000000	0.000000	8.875000	0.506757	
40.000000	0.000000	10.000000	0.519751	
41.000000	0.000000	9.625000	0.532744	
42.000000	0.000000	9.750000	0.545738	
43.000000	0.000000	9.500000	0.558732	
44.000000	0.000000	9.312500	0.571726	
45.000000	0.000000	9.875000	0.584719	
46.000000	0.000000	9.687500	0.597713	
47.000000	0.000000	10.375000	0.610707	
48.000000	0.000000	9.750000	0.623701	
49.000000	0.000000	10.875000	0.636694	
50.000000	0.000000	10.687500	0.649688	
51.000000	0.000000	10.625000	0.662682	
52.000000	0.000000	11.500000	0.675676	
53.000000	0.000000	11.562500	0.688669	
54.000000	0.000000	10.937500	0.701663	
55.000000	0.000000	11.375000	0.714657	
56.000000	0.000000	11.250000	0.727651	
57.000000	0.000000	11.125000	0.740645	
58.000000	0.000000	11.312500	0.753638	
59.000000	0.000000	12.312500	0.766632	
60.000000	0.000000	12.500000	0.779626	
61.000000	0.000000	12.437500	0.792620	
62.000000	0.000000	12.812500	0.805613	
63.000000	0.000000	12.500000	0.818607	
64.000000	0.000000	13.375000	0.831601	
