#NUM_THREADS
2.000000	0.000000	0.062500	0.026427	
3.000000	0.000000	0.000000	0.039641	
4.000000	0.000000	0.562500	0.052854	
5.000000	0.000000	0.937500	0.066068	
6.000000	0.000000	1.062500	0.079281	
7.000000	0.000000	1.250000	0.092495	
8.000000	0.000000	1.812500	0.105708	
9.000000	0.000000	2.250000	0.118922	
10.000000	0.000000	2.562500	0.132135	
11.000000	0.000000	3.187500	0.145349	
12.000000	0.000000	3.187500	0.158562	
13.000000	0.000000	3.500000	0.171776	
14.000000	0.000000	3.562500	0.184989	
15.000000	0.000000	3.812500	0.198203	
16.000000	0.000000	4.125000	0.211416	
17.000000	0.000000	4.937500	0.224630	
18.000000	0.000000	4.500000	0.237844	
19.000000	0.000000	5.000000	0.251057	
20.000000	0.000000	5.437500	0.264271	
21.000000	0.000000	5.187500	0.277484	
22.000000	0.000000	5.812500	0.290698	
23.000000	0.000000	5.937500	0.303911	
24.000000	0.000000	5.562500	0.317125	
25.000000	0.000000	6.250000	0.330338	
26.000000	0.000000	6.187500	0.343552	
27.000000	0.000000	7.250000	0.356765	
28.000000	0.000000	6.875000	0.369979	
29.000000	0.000000	7.250000	0.383192	
30.000000	0.000000	7.750000	0.396406	
31.000000	0.000000	7.375000	0.409619	
32.000000	0.000000	8.062500	0.422833	
33.000000	0.000000	8.562500	0.436047	
34.000000	0.000000	8.250000	0.449260	
35.000000	0.000000	8.562500	0.462474	
36.000000	0.000000	8.375000	0.475687	
37.000000	0.000000	9.250000	0.488901	
38.000000	0.000000	9.187500	0.502114	
39.000000	0.000000	8.937500	0.515328	
40.000000	0.000000	8.562500	0.528541	
41.000000	0.000000	9.125000	0.541755	
42.000000	0.000000	8.500000	0.554968	
43.000000	0.000000	9.187500	0.568182	
44.000000	0.000000	9.500000	0.581395	
45.000000	0.000000	10.875000	0.594609	
46.000000	0.000000	10.000000	0.607822	
47.000000	0.000000	10.437500	0.621036	
48.000000	0.000000	10.250000	0.634249	
49.000000	0.000000	10.937500	0.647463	
50.000000	0.000000	10.500000	0.660677	
51.000000	0.000000	11.187500	0.673890	
52.000000	0.000000	10.187500	0.687104	
53.000000	0.000000	11.875000	0.700317	
54.000000	0.000000	11.875000	0.713531	
55.000000	0.000000	11.250000	0.726744	
56.000000	0.000000	11.500000	0.739958	
57.000000	0.000000	11.062500	0.753171	
58.000000	0.000000	11.687500	0.766385	
59.000000	0.000000	11.875000	0.779598	
60.000000	0.000000	12.375000	0.792812	
61.000000	0.000000	12.875000	0.806025	
62.000000	0.000000	13.750000	0.819239	
63.000000	0.000000	12.687500	0.832452	
64.000000	0.000000	14.000000	0.845666	
