#NUM_THREADS
2.000000	0.000000	0.000000	0.255102	
3.000000	0.000000	0.062500	0.382653	
4.000000	0.000000	0.000000	0.510204	
5.000000	0.000000	0.125000	0.637755	
6.000000	0.000000	0.937500	0.765306	
7.000000	0.000000	1.812500	0.892857	
8.000000	0.000000	1.812500	1.020408	
9.000000	126.937500	2.562500	1.147959	
10.000000	0.000000	2.750000	1.275510	
11.000000	879.000000	3.312500	1.403061	
12.000000	73.062500	3.437500	1.530612	
13.000000	27.500000	2.687500	1.658163	
14.000000	295.750000	4.000000	1.785714	
15.000000	200.625000	3.375000	1.913265	
16.000000	144.375000	3.687500	2.040816	
17.000000	676.687500	4.250000	2.168367	
18.000000	650.437500	4.875000	2.295918	
19.000000	687.750000	5.250000	2.423469	
20.000000	299.687500	4.875000	2.551020	
21.000000	740.750000	5.687500	2.678571	
22.000000	2617.812500	9.812500	2.806123	
23.000000	1116.875000	6.437500	2.933673	
24.000000	2055.937500	8.000000	3.061224	
25.000000	2524.937500	9.875000	3.188776	
26.000000	2119.875000	9.562500	3.316327	
27.000000	3096.062500	11.312500	3.443877	
28.000000	2010.500000	8.937500	3.571429	
29.000000	3436.375000	12.750000	3.698980	
30.000000	4235.625000	14.562500	3.826531	
31.000000	4744.375000	14.062500	3.954082	
32.000000	4718.875000	16.812500	4.081633	
33.000000	5526.312500	17.812500	4.209184	
34.000000	6668.125000	19.187500	4.336735	
35.000000	6527.937500	22.687500	4.464286	
36.000000	5828.812500	21.562500	4.591837	
37.000000	10730.375000	27.312500	4.719388	
38.000000	6368.125000	23.562500	4.846939	
39.000000	10360.312500	38.625000	4.974490	
40.000000	10279.312500	34.875000	5.102041	
41.000000	9098.750000	30.250000	5.229592	
42.000000	15381.875000	54.062500	5.357143	
43.000000	11951.375000	39.000000	5.484694	
44.000000	15007.250000	45.312500	5.612245	
45.000000	11096.000000	34.312500	5.739796	
46.000000	13117.312500	41.437500	5.867347	
47.000000	12332.687500	37.750000	5.994898	
48.000000	13832.750000	44.625000	6.122449	
49.000000	23375.875000	73.187500	6.250000	
50.000000	11114.687500	33.312500	6.377551	
51.000000	24656.312500	79.187500	6.505102	
52.000000	22906.812500	77.562500	6.632653	
53.000000	20294.562500	65.625000	6.760204	
54.000000	21121.750000	68.562500	6.887755	
55.000000	26307.312500	81.687500	7.015306	
56.000000	20603.687500	66.750000	7.142857	
57.000000	21629.125000	61.937500	7.270408	
58.000000	24465.125000	73.687500	7.397959	
59.000000	23497.312500	81.812500	7.525510	
60.000000	24048.312500	72.812500	7.653061	
61.000000	32371.875000	103.500000	7.780612	
62.000000	33622.375000	99.750000	7.908163	
63.000000	23535.562500	72.937500	8.035714	
64.000000	41133.000000	131.812500	8.163265	
