#NUM_THREADS
2.000000	0.000000	0.062500	0.027352	
3.000000	0.000000	0.687500	0.041028	
4.000000	0.000000	1.000000	0.054705	
5.000000	0.000000	1.000000	0.068381	
6.000000	0.000000	1.437500	0.082057	
7.000000	0.000000	1.875000	0.095733	
8.000000	0.000000	2.375000	0.109409	
9.000000	0.000000	2.625000	0.123085	
10.000000	0.000000	2.937500	0.136761	
11.000000	0.000000	2.875000	0.150438	
12.000000	0.000000	3.125000	0.164114	
13.000000	0.000000	3.812500	0.177790	
14.000000	0.000000	4.250000	0.191466	
15.000000	0.000000	4.500000	0.205142	
16.000000	0.000000	4.562500	0.218818	
17.000000	0.000000	5.187500	0.232495	
18.000000	0.000000	4.562500	0.246171	
19.000000	0.000000	4.875000	0.259847	
20.000000	0.000000	5.625000	0.273523	
21.000000	0.000000	5.812500	0.287199	
22.000000	0.000000	6.187500	0.300875	
23.000000	0.000000	6.187500	0.314551	
24.000000	0.000000	6.250000	0.328228	
25.000000	0.000000	6.062500	0.341904	
26.000000	0.000000	7.062500	0.355580	
27.000000	0.000000	6.875000	0.369256	
28.000000	0.000000	7.250000	0.382932	
29.000000	0.000000	7.625000	0.396608	
30.000000	0.000000	7.375000	0.410284	
31.000000	0.000000	7.875000	0.423961	
32.000000	0.000000	7.625000	0.437637	
33.000000	0.000000	8.000000	0.451313	
34.000000	0.000000	8.125000	0.464989	
35.000000	0.000000	8.500000	0.478665	
36.000000	0.000000	8.562500	0.492341	
37.000000	0.000000	8.750000	0.506018	
38.000000	0.000000	9.062500	0.519694	
39.000000	0.000000	8.812500	0.533370	
40.000000	0.000000	9.250000	0.547046	
41.000000	0.000000	9.250000	0.560722	
42.000000	0.000000	9.812500	0.574398	
43.000000	0.000000	9.562500	0.588074	
44.000000	0.000000	9.875000	0.601751	
45.000000	0.000000	9.937500	0.615427	
46.000000	0.000000	10.125000	0.629103	
47.000000	0.000000	10.875000	0.642779	
48.000000	0.000000	10.187500	0.656455	
49.000000	0.000000	10.812500	0.670131	
50.000000	0.000000	10.500000	0.683807	
51.000000	0.000000	10.562500	0.697484	
52.000000	0.000000	11.500000	0.711160	
53.000000	0.000000	11.375000	0.724836	
54.000000	0.000000	12.812500	0.738512	
55.000000	0.000000	11.625000	0.752188	
56.000000	0.000000	11.250000	0.765864	
57.000000	0.000000	12.062500	0.779540	
58.000000	0.000000	12.000000	0.793217	
59.000000	0.000000	12.375000	0.806893	
60.000000	0.000000	12.687500	0.820569	
61.000000	0.000000	12.875000	0.834245	
62.000000	0.000000	12.937500	0.847921	
63.000000	0.000000	12.812500	0.861597	
64.000000	0.000000	12.937500	0.875274	
