#NUM_THREADS
2.000000	0.000000	0.000000	0.027840	
3.000000	0.000000	0.250000	0.041759	
4.000000	0.000000	1.000000	0.055679	
5.000000	0.000000	1.000000	0.069599	
6.000000	0.000000	1.312500	0.083519	
7.000000	0.000000	1.875000	0.097439	
8.000000	0.000000	2.000000	0.111359	
9.000000	0.000000	2.687500	0.125278	
10.000000	0.000000	2.687500	0.139198	
11.000000	0.000000	3.062500	0.153118	
12.000000	0.000000	2.437500	0.167038	
13.000000	0.000000	3.312500	0.180958	
14.000000	0.000000	2.562500	0.194878	
15.000000	0.000000	3.875000	0.208797	
16.000000	0.000000	4.250000	0.222717	
17.000000	0.000000	4.750000	0.236637	
18.000000	0.000000	4.562500	0.250557	
19.000000	0.000000	5.375000	0.264477	
20.000000	0.000000	5.000000	0.278396	
21.000000	0.000000	5.750000	0.292316	
22.000000	0.000000	5.937500	0.306236	
23.000000	0.000000	5.937500	0.320156	
24.000000	0.000000	6.437500	0.334076	
25.000000	0.000000	6.625000	0.347996	
26.000000	0.000000	6.500000	0.361915	
27.000000	0.000000	7.187500	0.375835	
28.000000	0.000000	6.937500	0.389755	
29.000000	0.000000	7.000000	0.403675	
30.000000	0.000000	7.500000	0.417595	
31.000000	0.000000	7.312500	0.431514	
32.000000	0.000000	7.437500	0.445434	
33.000000	0.000000	7.375000	0.459354	
34.000000	0.000000	8.250000	0.473274	
35.000000	0.000000	8.500000	0.487194	
36.000000	0.000000	9.187500	0.501114	
37.000000	0.000000	8.500000	0.515033	
38.000000	0.000000	8.875000	0.528953	
39.000000	0.000000	9.125000	0.542873	
40.000000	0.000000	8.687500	0.556793	
41.000000	0.000000	8.937500	0.570713	
42.000000	0.000000	9.500000	0.584633	
43.000000	0.000000	9.937500	0.598552	
44.000000	0.000000	9.875000	0.612472	
45.000000	0.000000	10.687500	0.626392	
46.000000	0.000000	9.875000	0.640312	
47.000000	0.000000	9.687500	0.654232	
48.000000	0.000000	10.375000	0.668151	
49.000000	0.000000	10.812500	0.682071	
50.000000	0.000000	11.125000	0.695991	
51.000000	0.000000	11.375000	0.709911	
52.000000	0.000000	11.125000	0.723831	
53.000000	0.000000	11.562500	0.737751	
54.000000	0.000000	11.125000	0.751670	
55.000000	0.000000	12.312500	0.765590	
56.000000	0.000000	11.875000	0.779510	
57.000000	0.000000	12.625000	0.793430	
58.000000	0.000000	11.625000	0.807350	
59.000000	0.000000	13.125000	0.821270	
60.000000	0.000000	13.000000	0.835189	
61.000000	0.000000	12.187500	0.849109	
62.000000	0.000000	12.812500	0.863029	
63.000000	0.000000	12.812500	0.876949	
64.000000	0.000000	12.500000	0.890869	
