#NUM_THREADS
2.000000	0.000000	0.250000	0.028345	
3.000000	0.000000	0.250000	0.042517	
4.000000	0.000000	0.937500	0.056689	
5.000000	0.000000	1.000000	0.070862	
6.000000	0.000000	1.125000	0.085034	
7.000000	0.000000	1.000000	0.099206	
8.000000	0.000000	1.062500	0.113379	
9.000000	0.000000	2.187500	0.127551	
10.000000	0.000000	2.187500	0.141723	
11.000000	0.000000	2.625000	0.155896	
12.000000	0.000000	2.437500	0.170068	
13.000000	0.000000	3.375000	0.184240	
14.000000	0.000000	3.625000	0.198413	
15.000000	0.000000	3.937500	0.212585	
16.000000	0.000000	4.062500	0.226757	
17.000000	0.000000	5.187500	0.240930	
18.000000	0.000000	5.125000	0.255102	
19.000000	0.000000	5.625000	0.269274	
20.000000	0.000000	4.625000	0.283447	
21.000000	0.000000	5.625000	0.297619	
22.000000	0.000000	6.125000	0.311791	
23.000000	0.000000	6.187500	0.325964	
24.000000	0.000000	6.312500	0.340136	
25.000000	0.000000	6.000000	0.354308	
26.000000	0.000000	6.562500	0.368481	
27.000000	0.000000	6.812500	0.382653	
28.000000	0.000000	6.687500	0.396825	
29.000000	0.000000	6.562500	0.410998	
30.000000	0.000000	8.187500	0.425170	
31.000000	0.000000	7.312500	0.439342	
32.000000	0.000000	7.812500	0.453515	
33.000000	0.000000	8.375000	0.467687	
34.000000	0.000000	8.500000	0.481859	
35.000000	0.000000	8.687500	0.496032	
36.000000	0.000000	8.500000	0.510204	
37.000000	0.000000	9.000000	0.524376	
38.000000	0.000000	9.062500	0.538549	
39.000000	0.000000	9.062500	0.552721	
40.000000	0.000000	9.250000	0.566893	
41.000000	0.000000	9.687500	0.581066	
42.000000	0.000000	9.500000	0.595238	
43.000000	0.000000	9.812500	0.609410	
44.000000	0.000000	9.062500	0.623583	
45.000000	0.000000	9.437500	0.637755	
46.000000	0.000000	9.750000	0.651927	
47.000000	0.000000	10.437500	0.666100	
48.000000	0.000000	10.500000	0.680272	
49.000000	0.000000	10.625000	0.694444	
50.000000	0.000000	10.437500	0.708617	
51.000000	0.000000	11.062500	0.722789	
52.000000	0.000000	11.437500	0.736961	
53.000000	0.000000	12.375000	0.751134	
54.000000	0.000000	11.937500	0.765306	
55.000000	0.000000	11.125000	0.779478	
56.000000	0.000000	12.062500	0.793651	
57.000000	0.000000	11.687500	0.807823	
58.000000	0.000000	11.875000	0.821995	
59.000000	0.000000	12.375000	0.836168	
60.000000	0.000000	11.625000	0.850340	
61.000000	0.000000	12.000000	0.864512	
62.000000	0.000000	13.125000	0.878685	
63.000000	0.000000	14.062500	0.892857	
64.000000	0.000000	13.375000	0.907029	
