#NUM_THREADS
2.000000	0.000000	0.000000	0.025562	
3.000000	0.000000	0.125000	0.038344	
4.000000	0.000000	0.312500	0.051125	
5.000000	0.000000	1.000000	0.063906	
6.000000	0.000000	1.000000	0.076687	
7.000000	0.000000	1.062500	0.089468	
8.000000	0.000000	1.375000	0.102249	
9.000000	0.000000	2.375000	0.115031	
10.000000	0.000000	2.750000	0.127812	
11.000000	0.000000	3.250000	0.140593	
12.000000	0.000000	3.125000	0.153374	
13.000000	0.000000	3.062500	0.166155	
14.000000	0.000000	3.437500	0.178937	
15.000000	0.000000	3.500000	0.191718	
16.000000	0.000000	4.062500	0.204499	
17.000000	0.000000	4.437500	0.217280	
18.000000	0.000000	5.062500	0.230061	
19.000000	0.000000	5.125000	0.242843	
20.000000	0.000000	4.875000	0.255624	
21.000000	0.000000	5.687500	0.268405	
22.000000	0.000000	5.937500	0.281186	
23.000000	0.000000	5.562500	0.293967	
24.000000	0.000000	6.812500	0.306748	
25.000000	0.000000	6.375000	0.319530	
26.000000	0.000000	6.625000	0.332311	
27.000000	0.000000	6.875000	0.345092	
28.000000	0.000000	7.062500	0.357873	
29.000000	0.000000	7.625000	0.370654	
30.000000	0.000000	7.500000	0.383436	
31.000000	0.000000	8.062500	0.396217	
32.000000	0.000000	8.250000	0.408998	
33.000000	0.000000	8.187500	0.421779	
34.000000	0.000000	7.687500	0.434560	
35.000000	0.000000	8.187500	0.447342	
36.000000	0.000000	9.312500	0.460123	
37.000000	0.000000	9.250000	0.472904	
38.000000	0.000000	9.000000	0.485685	
39.000000	0.000000	8.187500	0.498466	
40.000000	0.000000	9.000000	0.511247	
41.000000	0.000000	9.687500	0.524029	
42.000000	0.000000	9.437500	0.536810	
43.000000	0.000000	9.250000	0.549591	
44.000000	0.000000	10.000000	0.562372	
45.000000	0.000000	10.500000	0.575153	
46.000000	0.000000	10.375000	0.587935	
47.000000	0.000000	10.437500	0.600716	
48.000000	0.000000	10.500000	0.613497	
49.000000	0.000000	10.687500	0.626278	
50.000000	0.000000	10.437500	0.639059	
51.000000	0.000000	10.812500	0.651841	
52.000000	0.000000	11.375000	0.664622	
53.000000	0.000000	11.375000	0.677403	
54.000000	0.000000	11.062500	0.690184	
55.000000	0.000000	11.625000	0.702965	
56.000000	0.000000	12.562500	0.715746	
57.000000	0.000000	12.687500	0.728528	
58.000000	0.000000	12.687500	0.741309	
59.000000	0.000000	12.375000	0.754090	
60.000000	0.000000	12.812500	0.766871	
61.000000	0.000000	12.750000	0.779652	
62.000000	0.000000	13.000000	0.792434	
63.000000	0.000000	12.437500	0.805215	
64.000000	0.000000	12.375000	0.817996	
