#NUM_THREADS
1.77778
0
0
2.22222
2.35294
2286.12
0.352941
2.94118
2.88
1601.96
0.32
3.6
3.39394
1272.12
0.454545
4.24242
3.90244
1152.15
0.682927
4.87805
4.40816
1106.88
0.959184
5.5102
4.91228
1160.84
1.31579
6.14035
5.41538
1269.02
1.66154
6.76923
5.91781
1440.84
2.20548
7.39726
6.41975
1768.58
2.87654
8.02469
6.92135
2375.83
3.38202
8.65169
7.42268
2566.19
4.07216
9.27835
7.92381
2789.38
4.51429
9.90476
8.42478
2928.4
5.04425
10.531
8.92562
3079.36
5.60331
11.157
9.42636
3093.15
5.85271
11.7829
9.92701
3309.88
6.58394
12.4088
10.4276
3553.25
7.42759
13.0345
10.9281
3915.1
8.66667
13.6601
11.4286
4168.21
9.62112
14.2857
11.929
4508.22
10.8639
14.9112
12.4294
4778.22
11.9266
15.5367
12.9297
5103.91
13.173
16.1622
13.4301
5542.39
14.0933
16.7876
13.9303
5900.88
15.4577
17.4129
14.4306
6382.08
17.1962
18.0383
14.9309
6696.58
18.47
18.6636
15.4311
7083.55
19.9022
19.2889
15.9313
7353.92
20.9528
19.9142
16.4315
7501.76
21.5934
20.5394
16.9317
7690.33
22.3173
21.1647
17.4319
8192.78
23.7938
21.7899
17.9321
8698.25
25.6302
22.4151
18.4322
9008.87
26.6593
23.0403
18.9324
9486.77
28.3772
23.6655
19.4325
9889.81
29.7301
24.2907
19.9327
10430
31.2795
24.9158
20.4328
10809.5
32.5213
25.541
20.9329
11161.7
33.4824
26.1661
21.433
11589.4
35.0592
26.7913
21.9331
11973.5
36.1003
27.4164
22.4332
12450.9
37.7893
28.0415
22.9333
12968.3
39.6957
28.6667
23.4334
13377.2
41.1218
29.2918
23.9335
13686
42.0609
29.9169
24.4336
14431.9
44.5068
30.542
24.9337
14818
45.8223
31.1671
25.4338
15323.5
47.5013
31.7922
25.9338
15755.4
48.8957
32.4173
26.4339
16098.6
50.187
33.0424
26.934
16650
51.978
33.6675
27.4341
17220.1
54.1559
34.2926
27.9341
17846.1
56.7035
34.9176
28.4342
18446.8
58.8915
35.5427
28.9342
19097.9
60.9297
36.1678
29.4343
19552.3
62.6837
36.7929
29.9344
20047.5
64.0241
37.4179
30.4344
20990.8
67.3376
38.043
30.9345
21898.3
70.1586
38.6681
31.4345
22246.9
71.5447
39.2931
31.9346
22555.1
72.4703
39.9182
32.4346
23166
74.1388
40.5433
32.9347
23555.8
75.8
41.1683
