#NUM_THREADS
1.77778
0
0
0.209644
2.35294
0
0
0.27747
2.88
0
0.16
0.339623
3.39394
0
0.363636
0.400229
3.90244
0
0.634146
0.460193
4.40816
0
0.836735
0.519831
4.91228
0
0.982456
0.579278
5.41538
0
1.13846
0.638607
5.91781
0
1.31507
0.697855
6.41975
0
1.44444
0.757046
6.92135
0
1.57303
0.816197
7.42268
0
1.73196
0.875316
7.92381
9.00952
1.87619
0.934412
8.42478
25.8496
2.0177
0.993488
8.92562
71.8926
2.18182
1.05255
9.42636
84.0465
2.34884
1.1116
9.92701
83.9416
2.45255
1.17064
10.4276
147.586
2.69655
1.22967
10.9281
219.804
2.8366
1.28869
11.4286
261.118
3
1.34771
11.929
251.822
3.05917
1.40672
12.4294
384.441
3.38418
1.46573
12.9297
425.892
3.51892
1.52473
13.4301
438.648
3.62694
1.58373
13.9303
511.517
3.84577
1.64273
14.4306
526.88
3.94737
1.70172
14.9309
516.714
3.97696
1.76072
15.4311
615.831
4.21333
1.81971
15.9313
666.232
4.36052
1.87869
16.4315
672.61
4.41494
1.93768
16.9317
813.558
4.80321
1.99667
17.4319
984.397
5.25681
2.05565
17.9321
1097.12
5.53585
2.11463
18.4322
1194.98
5.84615
2.17361
18.9324
1373.84
6.35231
2.23259
19.4325
1513.12
6.75779
2.29157
19.9327
1585.16
6.93939
2.35055
20.4328
1775.12
7.5541
2.40953
20.9329
2108.72
8.62939
2.4685
21.433
2303.9
9.32399
2.52748
21.9331
2322.19
9.3921
2.58645
22.4332
2399.06
9.62611
2.64543
22.9333
2615.48
10.287
2.7044
23.4334
2808.81
10.898
2.76338
23.9335
3069.06
11.7535
2.82235
24.4336
3208.4
12.2033
2.88132
24.9337
3439.65
12.8382
2.94029
25.4338
3709.91
13.7351
2.99926
25.9338
3941.31
14.3715
3.05824
26.4339
4282.71
15.5387
3.11721
26.934
4498.32
16.1834
3.17618
27.4341
4814.07
17.3046
3.23515
27.9341
4958.32
17.7294
3.29412
28.4342
5214.85
18.6074
3.35309
28.9342
5422.29
19.1633
3.41206
29.4343
5535.33
19.4165
3.47103
29.9344
5778.47
20.1313
3.52999
30.4344
6165.67
21.3591
3.58896
30.9345
6529.67
22.4017
3.64793
31.4345
6799.54
23.3098
3.7069
31.9346
7129.81
24.2965
3.76587
32.4346
7485.2
25.4547
3.82484
32.9347
7811.95
26.501
3.8838
