#NUM_THREADS
1.77778
0
0
0.182149
2.35294
0
0
0.24108
2.88
0
0.32
0.295082
3.39394
0
0.454545
0.34774
3.90244
0
0.560976
0.39984
4.40816
0
0.734694
0.451656
4.91228
0
0.912281
0.503307
5.41538
0
1.07692
0.554855
5.91781
0
1.28767
0.606333
6.41975
0
1.44444
0.657761
6.92135
0
1.59551
0.709154
7.42268
0
1.78351
0.76052
7.92381
3.22857
1.95238
0.811866
8.42478
10.2035
2.10619
0.863194
8.92562
31.1901
2.27273
0.91451
9.42636
54.1318
2.44186
0.965815
9.92701
87.854
2.62044
1.01711
10.4276
105.421
2.75862
1.0684
10.9281
101.654
2.86275
1.11968
11.4286
134.186
3.01863
1.17096
11.929
159.663
3.11243
1.22223
12.4294
225.893
3.28249
1.2735
12.9297
245.611
3.4
1.32477
13.4301
248.606
3.4715
1.37603
13.9303
333.09
3.71642
1.42729
14.4306
321.694
3.76555
1.47855
14.9309
371.963
3.97235
1.5298
15.4311
445.133
4.17778
1.58106
15.9313
464.777
4.26609
1.63231
16.4315
602.494
4.639
1.68356
16.9317
650.639
4.7992
1.73481
17.4319
685.304
4.92218
1.78606
17.9321
768.347
5.13208
1.8373
18.4322
823.495
5.32967
1.88855
18.9324
935.847
5.74377
1.93979
19.4325
1042.22
6.08304
1.99104
19.9327
1128.8
6.3266
2.04228
20.4328
1206.52
6.56393
2.09352
20.9329
1327.75
6.94249
2.14477
21.433
1516.89
7.62617
2.19601
21.9331
1709.77
8.25532
2.24725
22.4332
1901.77
8.84866
2.29849
22.9333
2110.83
9.46667
2.34973
23.4334
2282.03
10.0538
2.40097
23.9335
2368.7
10.385
2.4522
24.4336
2654.96
11.2033
2.50344
24.9337
2899.88
11.939
2.55468
25.4338
3147.44
12.7013
2.60592
25.9338
3425.58
13.626
2.65716
26.4339
3702.87
14.4464
2.70839
26.934
3888.55
15.0147
2.75963
27.4341
4217.23
16.0312
2.81087
27.9341
4418.68
16.6471
2.8621
28.4342
4514.61
16.9076
2.91334
28.9342
4650.42
17.3243
2.96457
29.4343
4924.46
18.1024
3.01581
29.9344
5103.37
18.6455
3.06704
30.4344
5261.4
19.0753
3.11828
30.9345
5418.94
19.5243
3.16951
31.4345
5642.47
20.1081
3.22075
31.9346
5876.36
20.8916
3.27198
32.4346
6232.39
22.0946
3.32322
32.9347
6582.97
23.0772
3.37445
