#NUM_THREADS
2.000000	0.000000	0.000000	0.219298	
3.000000	0.000000	0.312500	0.328947	
4.000000	0.000000	1.062500	0.438596	
5.000000	0.000000	1.000000	0.548246	
6.000000	0.000000	1.437500	0.657895	
7.000000	0.000000	1.625000	0.767544	
8.000000	0.000000	1.937500	0.877193	
9.000000	0.000000	2.187500	0.986842	
10.000000	0.000000	2.500000	1.096491	
11.000000	0.000000	2.625000	1.206140	
12.000000	0.000000	3.187500	1.315789	
13.000000	2.812500	3.750000	1.425439	
14.000000	44.562500	3.625000	1.535088	
15.000000	160.062500	4.062500	1.644737	
16.000000	755.062500	4.500000	1.754386	
17.000000	229.312500	3.812500	1.864035	
18.000000	618.625000	4.375000	1.973684	
19.000000	264.000000	4.562500	2.083333	
20.000000	575.250000	5.375000	2.192982	
21.000000	153.937500	4.062500	2.302632	
22.000000	126.125000	3.687500	2.412281	
23.000000	498.500000	4.687500	2.521930	
24.000000	404.812500	5.125000	2.631579	
25.000000	1194.437500	7.125000	2.741228	
26.000000	1546.937500	8.125000	2.850877	
27.000000	2627.562500	10.687500	2.960526	
28.000000	2719.250000	11.000000	3.070175	
29.000000	1207.625000	6.437500	3.179825	
30.000000	1923.625000	8.562500	3.289474	
31.000000	3265.562500	11.812500	3.399123	
32.000000	2574.500000	10.687500	3.508772	
33.000000	5399.937500	18.875000	3.618421	
34.000000	6543.437500	20.750000	3.728070	
35.000000	6593.375000	21.750000	3.837719	
36.000000	4884.687500	17.625000	3.947368	
37.000000	11848.062500	31.687500	4.057017	
38.000000	7191.187500	24.625000	4.166667	
39.000000	9364.625000	32.125000	4.276316	
40.000000	6062.062500	22.500000	4.385965	
41.000000	8795.375000	29.000000	4.495614	
42.000000	11935.000000	39.875000	4.605263	
43.000000	10599.187500	35.687500	4.714912	
44.000000	7874.250000	26.250000	4.824562	
45.000000	8984.937500	30.250000	4.934210	
46.000000	12083.375000	42.625000	5.043859	
47.000000	12597.375000	43.375000	5.153509	
48.000000	16322.187500	58.500000	5.263158	
49.000000	14432.562500	47.125000	5.372807	
50.000000	16491.250000	52.625000	5.482456	
51.000000	12718.000000	43.125000	5.592105	
52.000000	12862.250000	41.812500	5.701755	
53.000000	12083.250000	41.562500	5.811403	
54.000000	14709.812500	44.125000	5.921052	
55.000000	21435.437500	70.875000	6.030702	
56.000000	21849.187500	74.812500	6.140351	
57.000000	18214.000000	55.500000	6.250000	
58.000000	20604.062500	65.125000	6.359649	
59.000000	22655.625000	70.937500	6.469298	
60.000000	22783.250000	74.812500	6.578948	
61.000000	26707.437500	81.437500	6.688597	
62.000000	27138.937500	79.187500	6.798245	
63.000000	21471.562500	67.375000	6.907895	
64.000000	27447.187500	87.250000	7.017544	
