#NUM_THREADS
2	0.000000	0.000000	
3	0.390000	0.095599	
4	1.000000	0.048010	
5	1.430000	0.108262	
6	2.430000	0.216941	
7	4.030000	0.331993	
8	6.810000	0.508615	
9	9.390000	0.798514	
10	13.000000	1.089168	
11	21.490000	1.528673	
12	25.890000	1.839248	
13	33.660000	2.254464	
14	43.790000	2.781584	
15	57.420000	3.244872	
16	71.730000	3.715930	
17	84.290000	5.238541	
18	102.480000	4.942114	
19	120.640000	5.801767	
20	138.910000	7.375545	
21	164.220000	8.154852	
22	193.660000	9.597006	
23	222.810000	8.694967	
24	253.050000	11.812553	
25	292.460000	11.210769	
26	320.920000	10.275474	
27	354.160000	12.858817	
28	375.450000	14.574874	
29	414.470000	17.839843	
30	451.370000	18.233935	
31	486.970000	18.038038	
32	551.850000	20.905665	
33	555.070000	21.071509	
34	612.760000	24.245543	
35	666.700000	22.106324	
36	696.300000	24.997178	
37	751.480000	22.026519	
38	776.030000	25.494582	
39	824.670000	25.102957	
40	895.530000	27.875727	
41	931.690000	28.328580	
42	992.210000	27.170030	
43	1036.680000	35.187562	
44	1091.280000	34.031065	
45	1133.330000	27.758500	
46	1208.070000	36.607567	
47	1259.890000	35.513209	
48	1311.310000	38.917563	
49	1350.830000	40.702439	
50	1450.120000	38.823996	
51	1488.120000	44.472830	
52	1593.920000	43.350031	
53	1597.310000	41.461711	
54	1726.670000	51.196904	
55	1730.590000	49.655919	
56	1802.200000	51.444396	
57	1910.980000	50.852433	
58	1933.640000	60.089851	
59	2019.010000	50.155511	
60	2014.490000	59.006512	
61	2158.960000	55.259898	
62	2210.770000	61.931006	
63	2311.890000	55.433962	
64	2385.500000	65.291866	
