#NUM_THREADS
2	0.000000	0.000000	
3	0.430000	0.097035	
4	0.960000	0.038408	
5	1.120000	0.063692	
6	1.840000	0.119929	
7	3.010000	0.263684	
8	4.570000	0.393228	
9	7.280000	0.618615	
10	8.740000	0.968811	
11	14.250000	1.288951	
12	19.340000	1.695875	
13	24.950000	2.142662	
14	37.460000	2.122675	
15	42.070000	3.249140	
16	57.230000	3.998962	
17	70.110000	4.277553	
18	80.970000	5.809571	
19	94.930000	6.728098	
20	119.940000	7.182849	
21	142.060000	7.282808	
22	158.090000	8.185392	
23	182.990000	9.760898	
24	211.780000	11.295301	
25	238.970000	13.204567	
26	254.500000	14.339205	
27	284.890000	15.084359	
28	326.540000	16.496481	
29	355.400000	14.484334	
30	381.240000	19.290067	
31	433.710000	16.232144	
32	451.620000	23.181270	
33	485.200000	25.015360	
34	531.590000	28.089653	
35	586.950000	27.014196	
36	620.940000	26.048759	
37	693.730000	25.746431	
38	727.750000	28.188499	
39	777.910000	26.952788	
40	836.220000	26.363211	
41	857.380000	30.928400	
42	910.520000	36.675402	
43	920.020000	35.147964	
44	1016.150000	37.889841	
45	1023.320000	33.247342	
46	1091.020000	39.306587	
47	1163.130000	36.744220	
48	1216.570000	42.116786	
49	1312.370000	40.300866	
50	1324.970000	44.116021	
51	1368.410000	40.560855	
52	1488.410000	43.942869	
53	1459.480000	45.547629	
54	1542.690000	42.255234	
55	1637.470000	42.156939	
56	1684.240000	52.197130	
57	1772.920000	51.755400	
58	1848.850000	57.987489	
59	1904.520000	54.379694	
60	1986.360000	58.344809	
61	2058.930000	51.963731	
62	2141.530000	61.921828	
63	2226.450000	67.749312	
64	2238.740000	62.714081	
