#NUM_THREADS
2	0.010000	0.019502	
3	0.410000	0.096399	
4	1.000000	0.000000	
5	1.150000	0.075275	
6	1.610000	0.099536	
7	2.060000	0.113680	
8	2.730000	0.126583	
9	3.960000	0.214564	
10	5.940000	0.423850	
11	8.890000	0.600857	
12	12.370000	1.006935	
13	17.300000	1.447882	
14	23.700000	1.714860	
15	26.620000	2.847844	
16	35.240000	3.448165	
17	44.340000	3.845920	
18	51.900000	5.003224	
19	61.730000	5.895975	
20	76.510000	6.429606	
21	89.760000	8.043890	
22	106.210000	8.818053	
23	120.510000	10.811226	
24	148.080000	11.507944	
25	174.320000	10.901191	
26	175.780000	14.694003	
27	226.980000	12.811205	
28	241.510000	15.040328	
29	274.250000	15.653134	
30	282.750000	22.293677	
31	329.580000	21.946490	
32	377.920000	21.229120	
33	367.870000	27.178334	
34	436.240000	23.135857	
35	451.310000	30.229754	
36	470.840000	31.109130	
37	534.780000	25.715612	
38	599.420000	25.913842	
39	627.000000	31.030421	
40	668.130000	34.312124	
41	690.770000	39.227742	
42	752.280000	32.526790	
43	822.260000	33.957175	
44	837.780000	34.751221	
45	898.630000	37.521789	
46	933.500000	39.097097	
47	1021.580000	35.141190	
48	1035.970000	41.486931	
49	1105.790000	40.007170	
50	1168.070000	42.536419	
51	1188.740000	47.426781	
52	1233.900000	54.481559	
53	1377.950000	49.058995	
54	1428.520000	57.994194	
55	1408.100000	52.068908	
56	1508.780000	56.453292	
57	1591.020000	52.993326	
58	1590.220000	69.367037	
59	1729.440000	52.586419	
60	1775.290000	55.840337	
61	1867.670000	57.594299	
62	1911.870000	60.088081	
63	1966.350000	71.313734	
64	2001.010000	74.046229	
