#NUM_THREADS
2	0.000000	0.000000	
3	0.390625	0.119533	
4	0.906250	0.071413	
5	1.125000	0.081026	
6	1.562500	0.136100	
7	2.250000	0.122500	
8	2.640625	0.158347	
9	3.140625	0.183071	
10	3.796875	0.256884	
11	4.437500	0.202565	
12	5.468750	0.237097	
13	5.718750	0.339561	
14	6.703125	0.366682	
15	7.343750	0.404479	
16	8.437500	0.474193	
17	8.671875	0.697087	
18	10.062500	0.667983	
19	11.156250	0.678216	
20	11.484375	0.789142	
21	12.687500	0.679123	
22	12.718750	0.904831	
23	15.187500	1.020208	
24	15.406250	1.124166	
25	18.750000	1.693538	
26	20.328125	2.351974	
27	25.890625	3.320269	
28	28.671875	3.382657	
29	39.531250	4.971253	
30	46.640625	5.679822	
31	53.250000	5.789502	
32	54.843750	7.932433	
33	63.750000	9.291748	
34	77.125000	10.399476	
35	89.375000	13.305673	
36	108.312500	14.205041	
37	122.828125	16.450532	
38	141.531250	17.954399	
39	141.671875	20.291648	
40	175.484375	24.460155	
41	194.984375	21.350150	
42	234.500000	25.106486	
43	222.500000	28.780657	
44	258.437500	25.088133	
45	314.921875	30.514990	
46	302.015625	34.519211	
47	318.859375	40.124077	
48	373.296875	32.903357	
49	392.921875	34.559042	
50	430.250000	47.529921	
51	470.718750	39.248383	
52	525.281250	47.173465	
53	550.375000	55.262191	
54	532.046875	56.226973	
55	625.093750	59.320091	
56	623.562500	62.400613	
57	681.984375	62.421631	
58	770.703125	57.072852	
59	811.656250	71.197918	
60	819.765625	72.916971	
61	878.625000	66.435056	
62	874.921875	81.993647	
63	950.953125	73.214690	
64	999.562500	87.514279	
