#NUM_THREADS
2	0.010000	0.019502	
3	0.400000	0.096020	
4	0.950000	0.042717	
5	1.190000	0.076891	
6	1.610000	0.106977	
7	2.220000	0.122653	
8	3.250000	0.225826	
9	5.600000	0.343979	
10	7.460000	0.693751	
11	11.580000	0.968637	
12	15.960000	1.427957	
13	21.860000	1.736348	
14	29.850000	2.220841	
15	39.840000	2.744101	
16	44.940000	3.670994	
17	59.490000	4.001233	
18	65.430000	5.462689	
19	77.580000	6.182623	
20	94.030000	7.586514	
21	107.780000	8.755852	
22	133.620000	10.645156	
23	149.680000	11.054048	
24	175.260000	11.556743	
25	194.150000	12.407044	
26	224.680000	14.709010	
27	249.190000	16.120323	
28	289.170000	15.959409	
29	312.590000	16.796345	
30	343.060000	17.522023	
31	341.750000	25.330517	
32	431.710000	23.424801	
33	430.940000	23.565441	
34	473.980000	26.942508	
35	521.630000	23.108353	
36	526.950000	31.349578	
37	567.700000	32.415052	
38	630.590000	28.910632	
39	670.420000	30.375564	
40	706.150000	34.286461	
41	784.440000	34.674315	
42	817.150000	37.433531	
43	867.720000	36.848480	
44	915.580000	39.375821	
45	995.170000	40.692216	
46	1040.870000	40.275312	
47	1063.060000	39.616520	
48	1119.470000	43.163361	
49	1177.240000	43.665132	
50	1224.830000	44.003533	
51	1272.430000	50.100079	
52	1334.880000	52.908858	
53	1384.030000	53.002723	
54	1455.470000	49.439254	
55	1541.640000	58.382544	
56	1577.390000	55.066303	
57	1685.790000	52.120305	
58	1698.870000	55.707528	
59	1798.740000	49.615275	
60	1819.660000	67.903295	
61	1940.510000	56.746807	
62	1911.820000	66.242018	
63	2080.360000	60.290190	
64	2203.530000	58.220172	
