#NUM_THREADS
2	0.000000	0.000000	
3	0.370000	0.094630	
4	0.930000	0.050009	
5	1.140000	0.068009	
6	1.770000	0.091324	
7	2.150000	0.122009	
8	2.720000	0.141555	
9	3.340000	0.154877	
10	4.100000	0.200840	
11	5.680000	0.411021	
12	8.850000	0.713922	
13	12.510000	1.078711	
14	16.330000	1.576321	
15	22.260000	2.209959	
16	29.420000	2.753250	
17	33.870000	3.352420	
18	44.090000	4.324641	
19	59.360000	5.023990	
20	63.590000	6.135839	
21	76.240000	6.985255	
22	88.070000	8.425778	
23	106.790000	8.765005	
24	121.460000	10.209603	
25	138.270000	11.876334	
26	156.920000	13.858813	
27	183.850000	11.987748	
28	207.980000	17.339343	
29	217.000000	15.936234	
30	254.760000	21.960558	
31	300.640000	18.413061	
32	323.830000	22.154834	
33	343.530000	22.136106	
34	370.760000	26.553915	
35	422.500000	24.833571	
36	444.410000	29.631908	
37	461.040000	29.042993	
38	521.630000	26.687639	
39	544.680000	33.473241	
40	589.140000	31.409818	
41	651.050000	29.260317	
42	653.120000	41.074458	
43	748.130000	40.235460	
44	793.070000	40.565961	
45	813.010000	38.192072	
46	845.180000	41.388781	
47	911.810000	40.591526	
48	977.440000	42.481935	
49	1029.600000	49.056580	
50	1083.710000	47.113690	
51	1113.960000	50.195259	
52	1168.070000	44.560955	
53	1198.380000	50.349457	
54	1287.320000	55.858438	
55	1382.560000	48.986288	
56	1398.470000	53.388173	
