#NUM_THREADS
2	0.010000	0.019502	
3	0.310000	0.090649	
4	1.000000	0.000000	
5	1.160000	0.071855	
6	1.590000	0.100305	
7	2.140000	0.120886	
8	2.740000	0.155866	
9	3.030000	0.152968	
10	3.870000	0.160804	
11	4.450000	0.169458	
12	5.240000	0.214922	
13	6.060000	0.205230	
14	6.980000	0.249436	
15	7.590000	0.326909	
16	8.210000	0.373219	
17	9.220000	0.454264	
18	10.490000	0.428066	
19	11.220000	0.577173	
20	12.020000	0.667540	
21	13.530000	0.643797	
22	14.580000	0.735029	
23	14.350000	0.855860	
24	15.870000	0.831398	
25	15.520000	0.900526	
26	17.350000	0.955136	
27	19.630000	1.003495	
28	18.260000	1.044009	
29	20.240000	1.178650	
30	20.480000	1.104745	
31	22.140000	1.130708	
32	24.020000	1.266585	
33	23.890000	1.233367	
34	25.940000	1.397198	
35	26.140000	1.321807	
36	26.820000	1.311408	
37	27.560000	1.467337	
38	29.270000	1.300960	
39	28.590000	1.462033	
40	30.970000	1.600603	
41	31.890000	1.534292	
42	34.840000	1.905685	
43	37.560000	2.512368	
44	37.530000	2.627783	
45	45.000000	3.376210	
46	52.810000	4.487818	
47	57.060000	5.142737	
48	64.900000	6.069010	
49	69.100000	6.986706	
50	93.670000	9.131415	
51	100.560000	10.767139	
52	113.500000	11.367071	
53	123.970000	13.249091	
54	142.210000	14.283877	
55	146.380000	15.731898	
56	163.060000	18.263263	
57	190.210000	20.114877	
58	200.010000	22.161256	
59	238.790000	21.726568	
60	217.830000	24.604723	
61	262.790000	25.084023	
62	336.830000	28.034963	
63	334.700000	27.869043	
64	355.090000	30.588651	
