#NUM_THREADS
2	0.010000	0.019502	
3	0.930000	0.050009	
4	1.770000	0.082483	
5	2.630000	0.150945	
6	5.060000	0.223165	
7	8.610000	0.358090	
8	13.240000	0.493609	
9	18.030000	0.709647	
10	25.340000	0.926489	
11	33.420000	1.122921	
12	41.440000	1.676532	
13	54.490000	1.479117	
14	67.680000	2.403679	
15	83.610000	2.595338	
16	104.720000	3.161266	
17	119.510000	4.351773	
18	143.560000	4.150790	
19	170.090000	3.969287	
20	199.610000	4.884051	
21	229.880000	8.553072	
22	272.130000	7.454891	
23	317.150000	6.047251	
24	353.380000	8.054469	
25	388.010000	10.675668	
26	431.030000	10.049180	
27	455.110000	10.031482	
28	512.150000	11.002930	
29	551.560000	14.026900	
30	595.030000	15.055134	
31	647.270000	17.952548	
32	687.410000	15.252002	
33	755.800000	18.491559	
34	774.340000	19.252014	
35	840.170000	21.829245	
36	883.430000	24.064686	
37	943.470000	22.502208	
38	979.640000	24.150072	
39	1020.270000	28.117071	
40	1082.550000	29.023522	
41	1135.320000	29.162875	
42	1221.210000	25.572229	
43	1235.050000	31.770389	
44	1342.670000	30.485203	
45	1376.630000	30.498629	
46	1476.420000	37.001137	
47	1514.520000	31.620948	
48	1599.570000	36.702959	
49	1648.370000	40.957910	
50	1704.300000	39.426027	
51	1773.850000	38.649852	
52	1835.170000	46.255070	
53	1925.660000	40.864550	
54	1929.550000	47.190161	
55	2022.630000	45.275225	
56	2094.350000	47.301508	
57	2192.750000	51.059557	
58	2269.510000	47.393866	
59	2331.390000	46.738746	
60	2458.460000	51.290226	
61	2525.380000	59.078047	
62	2591.670000	58.792872	
63	2699.910000	54.903033	
64	2779.340000	57.008764	
