#NUM_THREADS
2	0.000000	0.000000	
3	0.410000	0.096399	
4	0.970000	0.033435	
5	1.150000	0.069986	
6	1.670000	0.103917	
7	2.240000	0.121203	
8	2.750000	0.108687	
9	3.210000	0.136625	
10	3.900000	0.160433	
11	4.680000	0.161340	
12	5.200000	0.196000	
13	6.180000	0.254619	
14	7.180000	0.299027	
15	7.770000	0.348257	
16	8.670000	0.364639	
17	9.830000	0.422247	
18	10.530000	0.466673	
19	11.350000	0.564926	
20	12.740000	0.749745	
21	13.290000	0.690908	
22	14.910000	0.744333	
23	14.400000	0.802404	
24	15.830000	0.875247	
25	16.970000	0.893233	
26	17.040000	0.950517	
27	18.960000	0.915100	
28	19.860000	1.061307	
29	20.920000	1.107939	
30	20.870000	1.210974	
31	23.030000	1.163010	
32	23.490000	1.292559	
33	23.860000	1.273252	
34	24.300000	1.274302	
35	26.220000	1.361764	
36	26.830000	1.231546	
37	27.780000	1.381370	
38	28.160000	1.349334	
39	28.740000	1.253671	
40	29.550000	1.452881	
41	30.120000	1.427515	
42	33.490000	1.459508	
43	32.520000	1.440161	
44	33.560000	1.506096	
45	36.020000	1.568730	
46	35.420000	1.481112	
47	36.850000	1.533410	
48	38.450000	1.636893	
49	39.630000	1.603288	
50	40.030000	1.656277	
51	40.180000	1.712816	
52	40.910000	1.636828	
53	41.100000	1.521369	
54	42.950000	1.755349	
55	43.410000	1.694033	
56	45.650000	1.731774	
57	44.820000	1.609679	
58	45.450000	1.710346	
59	47.530000	1.570315	
60	46.760000	1.789110	
61	47.560000	1.594318	
62	48.740000	1.737144	
63	51.440000	1.964761	
64	51.310000	1.803348	
