#NUM_THREADS
2	0.020000	0.039004	
3	0.850000	0.075275	
4	1.080000	0.119801	
5	1.390000	0.106977	
6	2.060000	0.140848	
7	3.470000	0.396342	
8	4.700000	0.280629	
9	5.930000	0.378290	
10	7.900000	0.498549	
11	10.410000	0.889199	
12	12.840000	0.836036	
13	15.030000	1.084380	
14	15.890000	1.043005	
15	17.550000	1.131847	
16	20.350000	1.292523	
17	22.360000	1.674515	
18	26.030000	2.285642	
19	25.260000	1.876002	
20	27.300000	1.661613	
21	30.970000	2.740702	
22	35.770000	2.684392	
23	37.830000	2.896566	
24	44.690000	4.007200	
25	52.440000	4.841503	
26	47.520000	6.461195	
27	48.680000	6.449316	
28	56.580000	6.968630	
29	64.410000	8.150589	
30	67.650000	6.704482	
31	75.080000	8.599808	
32	71.930000	7.954087	
33	79.030000	10.934111	
34	88.910000	11.029702	
35	87.890000	9.533779	
36	81.560000	10.360980	
37	95.860000	15.855492	
38	95.870000	12.046577	
39	107.940000	16.488687	
40	97.100000	14.189547	
41	116.630000	14.900839	
42	135.280000	14.114996	
43	137.950000	20.012577	
44	126.140000	13.587820	
45	136.450000	16.031659	
46	139.190000	13.721755	
47	140.430000	13.305650	
48	158.260000	22.160946	
49	162.620000	19.000596	
50	172.670000	23.563244	
51	166.730000	15.634729	
52	171.700000	12.955452	
53	185.610000	23.810086	
54	200.260000	29.871887	
55	195.570000	20.282227	
56	219.680000	26.944403	
57	212.940000	21.013281	
58	230.460000	32.165582	
59	235.320000	22.691635	
60	225.550000	18.819376	
61	246.760000	27.419862	
62	252.650000	25.357892	
63	243.450000	22.644361	
64	274.540000	29.981920	
