#NUM_THREADS
2	0.000000	0.000000	
3	0.350000	0.093486	
4	0.960000	0.038408	
5	1.200000	0.135793	
6	1.540000	0.108846	
7	2.040000	0.146463	
8	2.710000	0.188598	
9	3.500000	0.309283	
10	4.200000	0.367729	
11	7.080000	0.587137	
12	6.150000	0.635339	
13	9.370000	0.836465	
14	10.510000	0.906485	
15	13.670000	1.004413	
16	13.200000	1.171418	
17	16.010000	1.261575	
18	16.270000	1.737417	
19	19.700000	2.175423	
20	18.690000	1.738929	
21	22.210000	1.777731	
22	23.560000	2.020097	
23	27.470000	3.255070	
24	33.380000	3.382097	
25	34.250000	3.318758	
26	39.910000	7.567382	
27	38.650000	4.256168	
28	38.910000	4.715101	
29	45.000000	5.138939	
30	45.780000	4.699717	
31	52.460000	7.797176	
32	57.280000	7.481969	
33	58.200000	8.300317	
34	54.390000	5.734660	
35	58.970000	6.090932	
36	70.540000	8.968598	
37	72.880000	9.603571	
38	73.020000	6.937070	
39	77.460000	13.996168	
40	80.550000	9.846474	
41	91.460000	13.264594	
42	97.930000	13.187968	
43	96.070000	13.582793	
44	87.320000	9.965357	
45	92.840000	9.298366	
46	111.870000	15.099244	
47	108.620000	15.730237	
48	121.940000	12.429331	
49	120.220000	12.733201	
50	120.890000	15.603690	
51	123.130000	10.571603	
52	137.120000	15.374805	
53	136.820000	17.329645	
54	139.940000	10.382038	
55	150.350000	14.546485	
56	182.480000	37.650845	
57	163.360000	16.816995	
58	186.640000	32.997757	
59	179.500000	22.796249	
60	190.700000	19.147916	
61	169.080000	17.985554	
62	194.450000	18.791594	
63	183.260000	18.027837	
64	203.150000	21.338872	
