#NUM_THREADS
2	0.000000	0.000000	
3	0.370000	0.094630	
4	0.970000	0.033435	
5	1.010000	0.033892	
6	1.720000	0.088004	
7	1.820000	0.089304	
8	2.150000	0.142353	
9	2.740000	0.145674	
10	3.130000	0.279470	
11	4.590000	0.430393	
12	5.570000	0.509792	
13	6.690000	0.649878	
14	8.480000	0.748648	
15	8.260000	0.926241	
16	11.140000	1.022970	
17	12.010000	1.048003	
18	14.280000	1.267525	
19	14.780000	1.376914	
20	16.710000	1.770151	
21	17.810000	1.918337	
22	20.050000	1.832023	
23	21.010000	2.000640	
24	26.570000	2.444782	
25	25.790000	3.172088	
26	31.750000	5.941379	
27	28.390000	3.713762	
28	28.230000	3.147964	
29	33.580000	3.984462	
30	35.950000	3.856210	
31	42.850000	5.190661	
32	40.310000	4.189698	
33	49.000000	6.271694	
34	47.540000	6.440825	
35	47.420000	6.063036	
36	57.690000	8.647697	
37	60.600000	10.410755	
38	63.860000	7.716678	
39	64.820000	7.581090	
40	60.680000	6.942434	
41	75.930000	11.699058	
42	75.610000	8.116099	
43	78.500000	9.671701	
44	80.300000	10.315840	
45	101.300000	12.560970	
46	86.320000	9.123790	
47	89.580000	10.839887	
48	98.480000	13.441899	
49	101.870000	12.210553	
50	97.380000	10.286351	
51	90.420000	7.545373	
52	131.450000	19.602046	
53	115.680000	15.049504	
54	137.230000	18.448793	
55	147.540000	22.186757	
56	139.120000	17.385438	
57	144.730000	18.357613	
58	142.070000	14.130125	
59	146.710000	15.780089	
60	156.870000	20.914029	
61	178.270000	23.309499	
62	145.650000	12.926832	
63	174.690000	19.290975	
64	193.180000	31.611056	
