#NUM_THREADS
2	0.000000	0.000000	
3	0.312500	0.113561	
4	0.906250	0.071413	
5	0.984375	0.030385	
6	1.812500	0.095627	
7	1.921875	0.065750	
8	2.078125	0.089859	
9	2.468750	0.136745	
10	2.765625	0.120510	
11	3.015625	0.110354	
12	3.859375	0.121479	
13	3.875000	0.170513	
14	4.250000	0.183750	
15	4.921875	0.169435	
16	5.156250	0.221767	
17	5.281250	0.205296	
18	5.859375	0.211588	
19	6.359375	0.209360	
20	6.343750	0.230070	
21	7.015625	0.231182	
22	6.921875	0.213519	
23	7.562500	0.283591	
24	7.640625	0.304306	
25	7.812500	0.240655	
26	8.109375	0.252975	
27	7.890625	0.318609	
28	8.171875	0.289093	
29	8.140625	0.293320	
30	7.921875	0.368277	
31	8.093750	0.353765	
32	8.406250	0.389115	
33	8.875000	0.353185	
34	8.640625	0.395447	
35	8.765625	0.410289	
36	8.906250	0.471901	
37	9.265625	0.429279	
38	8.890625	0.482511	
39	9.062500	0.659505	
40	9.093750	0.491374	
41	8.765625	0.412568	
42	10.093750	0.879869	
43	10.343750	0.865359	
44	10.531250	0.882264	
45	10.828125	1.278611	
46	12.328125	1.416091	
47	11.875000	1.579787	
48	13.265625	1.720047	
49	12.000000	1.636075	
50	13.515625	1.758202	
51	14.046875	2.098396	
52	19.953125	3.863227	
53	15.203125	2.559407	
54	16.796875	2.971471	
55	20.765625	4.688475	
56	22.046875	6.068455	
57	18.218750	3.702579	
58	23.796875	4.917612	
59	19.140625	2.682046	
60	25.171875	5.482740	
61	22.640625	5.474148	
62	26.406250	5.347851	
63	29.250000	5.997967	
64	24.859375	5.127263	
