#NUM_THREADS
2	0.000000	0.000000	
3	0.270000	0.087016	
4	0.990000	0.019502	
5	0.990000	0.019502	
6	1.590000	0.096399	
7	1.890000	0.061326	
8	2.190000	0.086307	
9	2.390000	0.103324	
10	2.920000	0.071641	
11	3.100000	0.085434	
12	3.580000	0.114890	
13	4.080000	0.094731	
14	4.620000	0.137982	
15	5.160000	0.163328	
16	5.380000	0.177009	
17	5.770000	0.179327	
18	6.020000	0.149218	
19	6.210000	0.175953	
20	6.580000	0.204028	
21	6.730000	0.207158	
22	6.990000	0.198909	
23	7.310000	0.228060	
24	7.730000	0.205295	
25	7.780000	0.240976	
26	8.300000	0.229412	
27	8.940000	0.214385	
28	8.610000	0.233388	
29	8.960000	0.228439	
30	9.290000	0.230740	
31	9.330000	0.233651	
32	10.160000	0.262552	
33	10.210000	0.232398	
34	10.490000	0.265137	
35	10.790000	0.255996	
36	10.930000	0.270530	
37	10.950000	0.283184	
38	11.230000	0.309723	
39	11.110000	0.272849	
40	11.660000	0.257380	
41	11.640000	0.328579	
42	12.090000	0.332733	
43	11.850000	0.302850	
44	12.130000	0.362102	
45	12.260000	0.355641	
46	12.170000	0.350676	
47	12.260000	0.461845	
48	12.030000	0.365060	
49	12.210000	0.366991	
50	12.180000	0.453248	
51	12.190000	0.457730	
52	12.230000	0.440765	
53	12.270000	0.376866	
54	11.910000	0.383174	
55	12.120000	0.400991	
56	12.440000	0.401030	
57	12.470000	0.350018	
58	12.140000	0.406453	
59	13.210000	1.735966	
60	13.440000	0.535564	
61	12.880000	0.484306	
62	12.580000	0.368959	
63	12.780000	0.371450	
64	13.330000	0.671027	
