#NUM_THREADS
2	0.000000	0.000000	
3	0.360000	0.094080	
4	0.960000	0.038408	
5	1.000000	0.000000	
6	1.770000	0.082483	
7	1.840000	0.071855	
8	1.980000	0.061857	
9	2.610000	0.120488	
10	3.090000	0.179840	
11	4.520000	0.688783	
12	5.120000	0.405753	
13	6.160000	0.544386	
14	8.070000	0.616235	
15	8.570000	0.774265	
16	9.780000	0.959231	
17	11.350000	1.258489	
18	10.080000	1.009992	
19	12.960000	1.657775	
20	13.020000	1.285252	
21	12.700000	1.387730	
22	17.540000	2.476190	
23	18.830000	2.033693	
24	19.580000	1.876526	
25	19.330000	2.057170	
26	24.340000	3.462075	
27	24.030000	2.807587	
28	26.850000	2.723113	
29	30.440000	3.695140	
30	29.610000	3.508772	
31	30.240000	3.234668	
32	28.970000	3.020875	
33	47.480000	10.379064	
34	39.140000	5.704713	
35	42.780000	6.773811	
36	40.370000	5.983020	
37	50.030000	8.299643	
38	54.490000	10.591238	
39	56.160000	7.721242	
40	52.720000	7.060685	
41	60.710000	8.647057	
42	64.560000	8.461768	
43	63.890000	9.896696	
44	69.280000	6.659737	
45	72.110000	8.078382	
46	70.930000	6.440219	
47	81.190000	10.783303	
48	95.080000	12.235006	
49	89.690000	9.513562	
50	89.580000	13.236058	
51	98.960000	10.728701	
52	91.970000	10.590221	
53	104.070000	11.173453	
54	106.150000	13.437494	
55	117.410000	12.102523	
56	115.830000	11.452844	
57	126.240000	14.154162	
58	114.040000	11.583481	
59	136.250000	14.298986	
60	138.880000	14.831575	
61	128.010000	16.192530	
62	145.500000	16.440078	
63	149.890000	13.312365	
64	151.710000	14.479408	
