#NUM_THREADS
2	0.000000	0.000000	
3	0.410000	0.096399	
4	1.000000	0.000000	
5	1.010000	0.019502	
6	1.690000	0.090649	
7	1.890000	0.061326	
8	2.160000	0.077016	
9	2.640000	0.101920	
10	2.780000	0.116220	
11	3.520000	0.162763	
12	4.550000	0.224118	
13	5.290000	0.335263	
14	6.240000	0.449622	
15	7.220000	0.534315	
16	7.270000	0.627723	
17	8.340000	0.908908	
18	8.890000	0.928839	
19	10.820000	0.975434	
20	11.510000	1.127126	
21	11.420000	1.348896	
22	13.430000	1.430734	
23	14.720000	2.135245	
24	15.470000	1.674729	
25	17.930000	2.171315	
26	16.790000	2.240460	
27	19.330000	2.638375	
28	22.230000	3.116197	
29	24.650000	2.792759	
30	25.850000	3.475161	
31	28.340000	5.235088	
32	30.930000	3.803436	
33	32.060000	4.333224	
34	32.150000	4.805589	
35	36.460000	4.691850	
36	41.770000	6.945033	
37	38.630000	5.715318	
38	38.940000	6.231679	
39	43.960000	6.854113	
40	50.650000	8.531580	
41	54.330000	8.842796	
42	52.760000	6.993610	
43	59.770000	9.871003	
44	62.120000	10.428021	
45	67.010000	8.868496	
46	77.230000	11.179386	
47	73.790000	9.918928	
48	67.470000	7.289590	
49	85.480000	11.071779	
50	83.660000	12.332691	
51	89.980000	12.119204	
52	79.880000	12.142331	
53	108.470000	13.379134	
54	93.450000	14.262374	
55	92.590000	12.172124	
56	96.050000	15.080296	
57	109.570000	11.822594	
58	107.610000	12.669604	
59	115.770000	16.978372	
60	128.050000	14.298771	
61	131.730000	17.269343	
62	122.720000	12.936567	
63	149.480000	21.464434	
64	148.310000	16.711266	
