#NUM_THREADS
2	0.000000	0.000000	
3	0.520000	0.097922	
4	0.930000	0.050009	
5	1.000000	0.000000	
6	1.810000	0.076891	
7	1.910000	0.062567	
8	2.110000	0.077884	
9	2.600000	0.099941	
10	2.830000	0.073624	
11	3.030000	0.108970	
12	3.730000	0.191750	
13	4.090000	0.230406	
14	5.020000	0.294627	
15	5.820000	0.410553	
16	7.140000	0.519322	
17	7.360000	0.592244	
18	7.520000	0.688225	
19	9.470000	0.854549	
20	9.950000	1.052713	
21	9.990000	1.297897	
22	10.310000	1.243232	
23	13.460000	1.656732	
24	13.030000	1.537184	
25	14.970000	1.858067	
26	18.210000	2.356943	
27	15.170000	2.116447	
28	16.310000	2.761541	
29	19.220000	2.880544	
30	19.760000	2.290622	
31	22.290000	2.993003	
32	33.160000	7.137669	
33	26.780000	3.513005	
34	24.810000	3.854747	
35	28.640000	4.377301	
36	29.230000	3.688224	
37	31.940000	4.748851	
38	36.650000	4.503854	
39	41.010000	5.596031	
40	39.840000	5.034699	
41	41.340000	5.580820	
42	44.180000	5.085539	
43	45.730000	6.082752	
44	52.300000	6.347889	
45	49.060000	6.096376	
46	52.740000	6.713658	
47	56.390000	8.780270	
48	67.200000	11.346555	
49	59.140000	10.174761	
50	65.570000	8.766406	
51	69.440000	9.042477	
52	71.970000	9.819950	
53	78.230000	11.977600	
54	84.950000	12.247832	
55	88.990000	9.791588	
56	92.490000	14.361023	
