#NUM_THREADS
2	0.000000	0.000000	
3	0.360000	0.094080	
4	0.980000	0.027440	
5	1.010000	0.033892	
6	1.800000	0.078400	
7	1.930000	0.050009	
8	2.210000	0.084508	
9	2.550000	0.105093	
10	2.890000	0.082669	
11	3.250000	0.093486	
12	3.690000	0.113257	
13	4.130000	0.113121	
14	4.680000	0.143710	
15	5.210000	0.142137	
16	5.440000	0.190675	
17	5.770000	0.181456	
18	6.130000	0.183142	
19	6.370000	0.185228	
20	6.560000	0.188649	
21	6.830000	0.218353	
22	7.240000	0.211317	
23	7.560000	0.206164	
24	7.750000	0.204395	
25	7.980000	0.221714	
26	8.220000	0.256423	
27	8.560000	0.222302	
28	8.980000	0.209234	
29	9.070000	0.230673	
30	9.420000	0.237120	
31	9.670000	0.241732	
32	9.710000	0.266293	
33	10.210000	0.249921	
34	10.480000	0.288699	
35	10.430000	0.300149	
36	10.840000	0.258125	
37	11.010000	0.319059	
38	11.250000	0.256116	
39	11.470000	0.292631	
40	11.560000	0.313992	
41	11.780000	0.276603	
42	12.520000	0.306763	
43	12.480000	0.281968	
44	12.580000	0.338553	
45	12.760000	0.316186	
46	13.090000	0.308779	
47	12.880000	0.325950	
48	13.140000	0.303667	
49	13.680000	0.306011	
50	13.950000	0.334207	
51	13.810000	0.351376	
52	14.000000	0.319666	
53	13.990000	0.323839	
54	13.960000	0.359188	
55	14.640000	0.336664	
56	15.250000	0.287225	
57	14.980000	0.357107	
58	15.390000	0.388945	
59	15.480000	0.366137	
60	15.280000	0.382155	
61	15.510000	0.438703	
62	16.240000	0.440124	
63	16.200000	0.435632	
64	16.320000	0.374847	
